Kenzors Control Shape version, 1 
ArrowRotateX
#{1..3, 5..9}
true,0.5,
Curve Count:1 
1,true,
point Count:22 
[0,4.55908,3.98539],#bezierCorner,[-0.222961,4.26378,4.28394],[0.222961,4.26378,4.28394],#curve,
[0.668884,3.61609,4.81781],#bezierCorner,[0.445923,3.94897,4.56183],[0.891846,3.26667,5.0507],#curve,
[1.33777,2.52467,5.44308],#bezierCorner,[1.11481,2.90231,5.25945],[1.13296,2.52467,5.44308],#line,
[0.481438,2.61418,5.40238],#bezierCorner,[0.617756,2.61418,5.40238],[0.481438,2.28365,5.54433],#curve,
[0.481438,1.60071,5.76968],#bezierCorner,[0.481438,1.94545,5.6669],[0.481438,1.25061,5.85232],#curve,
[0.481438,0.538987,5.95614],#bezierCorner,[0.481438,0.896301,5.91454],[0.481438,0.179864,5.97697],#curve,
[0.481438,-0.538986,5.95614],#bezierCorner,[0.481438,-0.179863,5.97697],[0.481438,-0.8963,5.91454],#curve,
[0.481438,-1.60071,5.76968],#corner,[0.481438,-1.24851,5.84211],[0.481438,-1.94218,5.65701],#curve,
[0.481438,-2.61418,5.40238],#bezierCorner,[0.481438,-2.28365,5.54433],[0.61776,-2.61418,5.40238],#line,
[1.33777,-2.52467,5.44308],#bezierCorner,[1.13296,-2.52467,5.44308],[1.11481,-2.90231,5.25945],#curve,
[0.668888,-3.61609,4.81781],#bezierCorner,[0.89185,-3.26667,5.0507],[0.445927,-3.94897,4.56183],#curve,
[0,-4.55908,3.98539],#bezierCorner,[0.222961,-4.26378,4.28394],[-0.222961,-4.26378,4.28394],#curve,
[-0.668884,-3.61609,4.81781],#corner,[-0.445923,-3.93993,4.55087],[-0.891846,-3.2592,5.03863],#curve,
[-1.33777,-2.52467,5.44308],#bezierCorner,[-1.11481,-2.90231,5.25945],[-1.13296,-2.52467,5.44308],#line,
[-0.481438,-2.61418,5.40238],#bezierCorner,[-0.617756,-2.61418,5.40238],[-0.481438,-2.28365,5.54433],#curve,
[-0.481438,-1.60071,5.76968],#bezierCorner,[-0.481438,-1.94545,5.6669],[-0.481438,-1.25061,5.85232],#curve,
[-0.481438,-0.538987,5.95614],#bezierCorner,[-0.481438,-0.896301,5.91454],[-0.481438,-0.179864,5.97697],#curve,
[-0.481438,0.538986,5.95614],#bezierCorner,[-0.481438,0.179863,5.97697],[-0.481438,0.8963,5.91454],#curve,
[-0.481438,1.60071,5.76968],#corner,[-0.481438,1.24851,5.84211],[-0.481438,1.94218,5.65701],#curve,
[-0.481438,2.61418,5.40238],#bezierCorner,[-0.481438,2.28365,5.54433],[-0.61776,2.61418,5.40238],#line,
[-1.33777,2.52467,5.44308],#bezierCorner,[-1.13296,2.52467,5.44308],[-1.11481,2.90231,5.25945],#curve,
[-0.668888,3.61609,4.81781],#corner,[-0.89185,3.2592,5.03863],[-0.445927,3.93993,4.55087],#curve,
