Kenzors Control Shape version, 1 
ArrowRotateY
#{1..4, 6..9}
true,0.5,
Curve Count:1 
1,true,
point Count:22 
[4.55909,9.53674e-007,3.98539],#bezierCorner,[4.26378,0.222962,4.28394],[4.26378,-0.222961,4.28394],#curve,
[3.61609,-0.668885,4.81781],#bezierCorner,[3.94897,-0.445923,4.56183],[3.26667,-0.891847,5.0507],#curve,
[2.52467,-1.33777,5.44308],#bezierCorner,[2.90231,-1.11481,5.25945],[2.52467,-1.13296,5.44308],#line,
[2.61418,-0.481437,5.40238],#bezierCorner,[2.61418,-0.617757,5.40238],[2.28365,-0.481437,5.54433],#curve,
[1.60071,-0.481437,5.76968],#bezierCorner,[1.94545,-0.481437,5.6669],[1.25061,-0.481437,5.85232],#curve,
[0.538986,-0.481437,5.95614],#bezierCorner,[0.896301,-0.481437,5.91454],[0.179863,-0.481437,5.97697],#curve,
[-0.538986,-0.481437,5.95614],#bezierCorner,[-0.179863,-0.481437,5.97697],[-0.896301,-0.481437,5.91454],#curve,
[-1.60071,-0.481437,5.76968],#corner,[-1.2485,-0.481437,5.84211],[-1.94218,-0.481437,5.65701],#curve,
[-2.61418,-0.481437,5.40238],#bezierCorner,[-2.28365,-0.481437,5.54433],[-2.61418,-0.617758,5.40238],#line,
[-2.52467,-1.33777,5.44308],#bezierCorner,[-2.52467,-1.13296,5.44308],[-2.90231,-1.11481,5.25945],#curve,
[-3.61609,-0.668886,4.81781],#bezierCorner,[-3.26667,-0.891848,5.0507],[-3.94897,-0.445925,4.56183],#curve,
[-4.55908,-9.53674e-007,3.98539],#bezierCorner,[-4.26378,-0.222962,4.28394],[-4.26378,0.222961,4.28394],#curve,
[-3.61609,0.668885,4.81781],#corner,[-3.93993,0.445923,4.55087],[-3.2592,0.891847,5.03863],#curve,
[-2.52467,1.33777,5.44308],#bezierCorner,[-2.90231,1.11481,5.25945],[-2.52467,1.13296,5.44308],#line,
[-2.61418,0.481437,5.40238],#bezierCorner,[-2.61418,0.617757,5.40238],[-2.28365,0.481437,5.54433],#curve,
[-1.60071,0.481437,5.76968],#bezierCorner,[-1.94545,0.481437,5.6669],[-1.25061,0.481437,5.85232],#curve,
[-0.538986,0.481437,5.95614],#bezierCorner,[-0.896301,0.481437,5.91454],[-0.179863,0.481437,5.97697],#curve,
[0.538986,0.481437,5.95614],#bezierCorner,[0.179863,0.481437,5.97697],[0.896301,0.481437,5.91454],#curve,
[1.60071,0.481437,5.76968],#corner,[1.2485,0.481437,5.84211],[1.94218,0.481437,5.65701],#curve,
[2.61418,0.481437,5.40238],#bezierCorner,[2.28365,0.481437,5.54433],[2.61418,0.617758,5.40238],#line,
[2.52467,1.33777,5.44308],#bezierCorner,[2.52467,1.13296,5.44308],[2.90231,1.11481,5.25945],#curve,
[3.61609,0.668886,4.81781],#corner,[3.2592,0.891848,5.03863],[3.93993,0.445925,4.55087],#curve,
