Kenzors Control Shape version, 1 
ArrowMoveX
#{2..9}
true,0.5,
Curve Count:1 
 1,true,
 point Count:10 
   [5.12,9.53674e-007,0],#corner,[4.28,0.573334,0],[4.28,-0.573333,0],#line,
   [2.6,-1.72,0],#corner,[3.44,-1.14667,0],[2.6,-1.45667,0],#line,
   [2.6,-0.929999,0],#corner,[2.6,-1.19333,0],[0.866667,-0.929999,0],#line,
   [-2.6,-0.93,0],#corner,[-0.866667,-0.93,0],[-2.6,-1.19333,0],#line,
   [-2.6,-1.72,0],#corner,[-2.6,-1.45667,0],[-3.44,-1.14667,0],#line,
   [-5.12,-9.53674e-007,0],#corner,[-4.28,-0.573334,0],[-4.28,0.573333,0],#line,
   [-2.6,1.72,0],#corner,[-3.44,1.14667,0],[-2.6,1.45667,0],#line,
   [-2.6,0.929999,0],#corner,[-2.6,1.19333,0],[-0.866667,0.929999,0],#line,
   [2.6,0.93,0],#corner,[0.866667,0.93,0],[2.6,1.19333,0],#line,
   [2.6,1.72,0],#corner,[2.6,1.45667,0],[3.44,1.14667,0],#line,
