Kenzors Control Shape version, 1 
ArrowMoveY
#{1, 3..9}
true,0.5,
Curve Count:1 
1,true,
point Count:10 
[0,-5.12,0],#corner,[0.573333,-4.28,0],[-0.573333,-4.28,0],#line,
[-1.72,-2.6,0],#corner,[-1.14667,-3.44,0],[-1.45667,-2.6,0],#line,
[-0.93,-2.6,0],#corner,[-1.19333,-2.6,0],[-0.93,-0.866667,0],#line,
[-0.93,2.6,0],#corner,[-0.93,0.866667,0],[-1.19333,2.6,0],#line,
[-1.72,2.6,0],#corner,[-1.45667,2.6,0],[-1.14667,3.44,0],#line,
[0,5.12,0],#corner,[-0.573333,4.28,0],[0.573333,4.28,0],#line,
[1.72,2.6,0],#corner,[1.14667,3.44,0],[1.45667,2.6,0],#line,
[0.93,2.6,0],#corner,[1.19333,2.6,0],[0.93,0.866667,0],#line,
[0.93,-2.6,0],#corner,[0.93,-0.866667,0],[1.19333,-2.6,0],#line,
[1.72,-2.6,0],#corner,[1.45667,-2.6,0],[1.14667,-3.44,0],#line,
