Kenzors Control Shape version, 1 
ArrowRotateXY
#{1..3, 6..9}
true,0.5,
Curve Count:1 
1,true,
point Count:24 
[0.706841,0.706842,5.99615],#bezierCorner,[0.706842,1.52366,5.99615],[1.52366,0.706842,5.99615],#curve,
[3.08005,0.706842,5.39654],#bezierCorner,[2.3089,0.706842,5.66482],[3.08005,0.977,5.39654],#line,
[3.08005,1.51732,5.39654],#corner,[3.08005,1.24716,5.39654],[3.81256,1.01154,4.95612],#line,
[5.27758,-3.05081e-007,4.07527],#corner,[4.54507,0.505772,4.51569],[4.54507,-0.505773,4.51569],#line,
[3.08005,-1.51732,5.39654],#corner,[3.81256,-1.01154,4.95612],[3.08005,-1.24716,5.39654],#line,
[3.08005,-0.706842,5.39654],#bezierCorner,[3.08005,-0.977,5.39654],[2.30891,-0.706842,5.66482],#curve,
[0.706842,-0.706841,5.99615],#bezierCorner,[1.52366,-0.706842,5.99615],[0.706841,-1.52366,5.99615],#curve,
[0.706841,-3.08005,5.39654],#bezierCorner,[0.706841,-2.30891,5.66482],[0.977,-3.08005,5.39654],#line,
[1.51732,-3.08005,5.39654],#corner,[1.24716,-3.08005,5.39654],[1.01154,-3.81256,4.95612],#line,
[-5.4069e-007,-5.27758,4.07527],#corner,[0.505772,-4.54507,4.51569],[-0.505773,-4.54507,4.51569],#line,
[-1.51732,-3.08005,5.39654],#corner,[-1.01155,-3.81256,4.95612],[-1.24716,-3.08005,5.39654],#line,
[-0.706842,-3.08005,5.39654],#bezierCorner,[-0.977,-3.08005,5.39654],[-0.706842,-2.30891,5.66482],#curve,
[-0.706842,-0.706842,5.99615],#bezierCorner,[-0.706842,-1.52366,5.99615],[-1.52366,-0.706842,5.99615],#curve,
[-3.08005,-0.706842,5.39654],#bezierCorner,[-2.30891,-0.706842,5.66482],[-3.08005,-0.977,5.39654],#line,
[-3.08005,-1.51732,5.39654],#corner,[-3.08005,-1.24716,5.39654],[-3.81256,-1.01154,4.95612],#line,
[-5.27758,3.02271e-007,4.07527],#corner,[-4.54507,-0.505772,4.51569],[-4.54507,0.505773,4.51569],#line,
[-3.08005,1.51732,5.39654],#corner,[-3.81256,1.01154,4.95612],[-3.08005,1.24716,5.39654],#line,
[-3.08005,0.706842,5.39654],#bezierCorner,[-3.08005,0.977,5.39654],[-2.30891,0.706842,5.66482],#curve,
[-0.706842,0.706841,5.99615],#bezierCorner,[-1.52366,0.706842,5.99615],[-0.706842,1.52366,5.99615],#curve,
[-0.706842,3.08005,5.39654],#bezierCorner,[-0.706842,2.30891,5.66482],[-0.977,3.08005,5.39654],#line,
[-1.51732,3.08005,5.39654],#corner,[-1.24716,3.08005,5.39654],[-1.01154,3.81256,4.95612],#line,
[0,5.27758,4.07527],#corner,[-0.505772,4.54507,4.51569],[0.505772,4.54507,4.51569],#line,
[1.51732,3.08005,5.39654],#corner,[1.01154,3.81256,4.95612],[1.24716,3.08005,5.39654],#line,
[0.706842,3.08005,5.39654],#bezierCorner,[0.977,3.08005,5.39654],[0.706842,2.30891,5.66482],#curve,
