Kenzors Control Shape version, 1 
ArrowMoveXY
#{3, 5..9}
true,0.5,
Curve Count:1 
1,true,
point Count:24 
[0.706842,0.706842,0],#bezierCorner,[0.706842,1.52366,0],[1.52366,0.706842,0],#curve,
[3.15729,0.706842,0],#bezierCorner,[2.34047,0.706842,0],[3.15729,0.977,0],#line,
[3.15729,1.51732,0],#corner,[3.15729,1.24716,0],[4.01552,1.01155,0],#line,
[5.73198,-3.05081e-007,0],#corner,[4.87375,0.505773,0],[4.87375,-0.505774,0],#line,
[3.15729,-1.51732,0],#corner,[4.01552,-1.01155,0],[3.15729,-1.24716,0],#line,
[3.15729,-0.706842,0],#bezierCorner,[3.15729,-0.977,0],[2.34047,-0.706842,0],#curve,
[0.706842,-0.706841,0],#bezierCorner,[1.52366,-0.706842,0],[0.706842,-1.52366,0],#curve,
[0.706842,-3.15729,0],#bezierCorner,[0.706842,-2.34047,0],[0.976999,-3.15729,0],#line,
[1.51732,-3.15729,0],#corner,[1.24716,-3.15729,0],[1.01155,-4.01552,0],#line,
[0,-5.73198,0],#corner,[0.505774,-4.87375,0],[-0.505774,-4.87375,0],#line,
[-1.51732,-3.15729,0],#corner,[-1.01155,-4.01552,0],[-1.24716,-3.15729,0],#line,
[-0.706842,-3.15729,0],#bezierCorner,[-0.977,-3.15729,0],[-0.706842,-2.34047,0],#curve,
[-0.706842,-0.706842,0],#bezierCorner,[-0.706842,-1.52366,0],[-1.52366,-0.706842,0],#curve,
[-3.15729,-0.706842,0],#bezierCorner,[-2.34047,-0.706842,0],[-3.15729,-0.977,0],#line,
[-3.15729,-1.51732,0],#corner,[-3.15729,-1.24716,0],[-4.01552,-1.01155,0],#line,
[-5.73198,3.02271e-007,0],#corner,[-4.87375,-0.505773,0],[-4.87375,0.505774,0],#line,
[-3.15729,1.51732,0],#corner,[-4.01552,1.01155,0],[-3.15729,1.24716,0],#line,
[-3.15729,0.706842,0],#bezierCorner,[-3.15729,0.977,0],[-2.34047,0.706842,0],#curve,
[-0.706842,0.706841,0],#bezierCorner,[-1.52366,0.706842,0],[-0.706842,1.52366,0],#curve,
[-0.706842,3.15729,0],#bezierCorner,[-0.706842,2.34047,0],[-0.977,3.15729,0],#line,
[-1.51732,3.15729,0],#corner,[-1.24716,3.15729,0],[-1.01155,4.01552,0],#line,
[0,5.73198,0],#corner,[-0.505774,4.87375,0],[0.505774,4.87375,0],#line,
[1.51732,3.15729,0],#corner,[1.01155,4.01552,0],[1.24716,3.15729,0],#line,
[0.706842,3.15729,0],#bezierCorner,[0.976999,3.15729,0],[0.706842,2.34047,0],#curve,
