Kenzors Control Shape version, 1 
Anim_Arrow_circle
#{}
false,3.77494,
Curve Count:1 
 1,true,
 point Count:16 
   [1.52588e-005,-1.06248e-005,42.971],#bezierCorner,[19.0279,-1.3885e-005,43.1017],[-19.0278,-1.3885e-005,43.1017],#curve,
   [-41.6232,-2.6868e-005,11.1529],#bezier,[-36.4674,-2.44095e-005,30.3946],[-45.5115,-2.87221e-005,-3.35815],#curve,
   [-32.2109,-1.92217e-005,-28.6166],#bezier,[-41.4912,-2.5549e-005,-18.1439],[-31.9015,-1.90107e-005,-28.9657],#curve,
   [-24.6169,-1.29734e-005,-15.1846],#corner,[-28.2592,-1.59921e-005,-22.0751],[-22.3828,-1.14967e-005,-25.777],#curve,
   [-17.9146,-8.54341e-006,-46.9618],#corner,[-20.1487,-1.00201e-005,-36.3694],[-30.01,-1.70642e-005,-46.7758],#curve,
   [-54.2006,-3.41057e-005,-46.4037],#corner,[-42.1053,-2.55849e-005,-46.5898],[-48.2341,-2.96484e-005,-42.3555],#curve,
   [-42.6768,-2.54701e-005,-37.8456],#bezier,[-42.2675,-2.5191e-005,-38.3074],[-54.9178,-3.38159e-005,-24.0339],#curve,
   [-55.0963,-3.55659e-005,14.7845],#bezier,[-60.234,-3.80157e-005,-4.38947],[-48.2905,-3.23206e-005,40.1846],#curve,
   [1.52588e-005,-1.40628e-005,56.8757],#bezierCorner,[-25.1546,-1.83575e-005,57.0187],[25.1546,-1.83575e-005,57.0187],#curve,
   [55.0964,-3.55659e-005,14.7845],#bezier,[48.2905,-3.23206e-005,40.1846],[60.234,-3.80157e-005,-4.38947],#curve,
   [42.6768,-2.54701e-005,-37.8456],#bezier,[54.9178,-3.38159e-005,-24.0339],[42.2675,-2.5191e-005,-38.3074],#curve,
   [54.2007,-3.41057e-005,-46.4037],#corner,[48.2341,-2.96484e-005,-42.3555],[42.1053,-2.55849e-005,-46.5898],#curve,
   [17.9146,-8.54341e-006,-46.9618],#corner,[30.01,-1.70642e-005,-46.7758],[20.1487,-1.00201e-005,-36.3694],#curve,
   [24.6169,-1.29734e-005,-15.1846],#corner,[22.3828,-1.14967e-005,-25.777],[28.2592,-1.59921e-005,-22.0751],#curve,
   [32.2109,-1.92217e-005,-28.6166],#bezier,[31.9015,-1.90107e-005,-28.9657],[41.4913,-2.5549e-005,-18.1439],#curve,
   [41.6232,-2.6868e-005,11.153],#bezier,[45.5115,-2.87221e-005,-3.35809],[36.4674,-2.44095e-005,30.3946],#curve,
