Kenzors Control Shape version, 1 
Camera
#{}
false,1.0,
Curve Count:3 
 1,true,
 point Count:4 
   [0.553856,0,0],#bezier,[0.553856,-0.30561,0],[0.553856,0.30561,0],#curve,
   [0,0.553856,0],#bezier,[0.305611,0.553856,0],[-0.305611,0.553856,0],#curve,
   [-0.553856,0,0],#bezier,[-0.553856,0.30561,0],[-0.553856,-0.30561,0],#curve,
   [0,-0.553856,0],#bezier,[-0.305611,-0.553856,0],[0.305611,-0.553856,0],#curve,
 2,true,
 point Count:4 
   [-3.38966,-1.6946,0],#bezier,[-3.38966,-2.00021,0],[-3.38966,-1.38899,0],#curve,
   [-3.94351,-1.14074,0],#bezier,[-3.6379,-1.14074,0],[-4.24912,-1.14074,0],#curve,
   [-4.49737,-1.6946,0],#bezier,[-4.49737,-1.38899,0],[-4.49737,-2.00021,0],#curve,
   [-3.94351,-2.24845,0],#bezier,[-4.24912,-2.24845,0],[-3.6379,-2.24845,0],#curve,
 3,true,
 point Count:23 
   [2.41968,-5.19421,0],#bezierCorner,[2.41968,-5.65523,0],[2.5429,-5.19421,0],#curve,
   [2.78934,-5.19421,0],#bezierCorner,[2.66612,-5.19421,0],[2.78934,-5.10607,0],#curve,
   [2.78934,-4.73289,0],#bezierCorner,[2.78934,-4.80617,0],[3.41752,-4.73289,0],#curve,
   [4.67389,-4.73289,0],#bezierCorner,[4.04571,-4.73289,0],[4.90329,-4.9694,0],#line,
   [5.36209,-5.44244,0],#corner,[5.13269,-5.20592,0],[5.58022,-5.44244,0],#line,
   [6.01646,-5.44244,0],#corner,[5.79833,-5.44244,0],[6.01646,-4.32165,0],#line,
   [6.01646,-2.08009,0],#corner,[6.01646,-3.20087,0],[5.79833,-2.08009,0],#line,
   [5.36209,-2.08009,0],#corner,[5.58022,-2.08009,0],[5.13269,-2.31661,0],#line,
   [4.67389,-2.78964,0],#bezierCorner,[4.90329,-2.55312,0],[4.04571,-2.78964,0],#curve,
   [2.78934,-2.78964,0],#bezierCorner,[3.41752,-2.78964,0],[2.78934,-2.71604,0],#curve,
   [2.78934,-2.32721,0],#bezierCorner,[2.78934,-2.41572,0],[2.66612,-2.32721,0],#curve,
   [2.41969,-2.32721,0],#bezierCorner,[2.5429,-2.32721,0],[2.41969,-2.05703,0],#curve,
   [2.41969,-1.51667,0],#bezierCorner,[2.41969,-1.78685,0],[2.20108,-1.51762,0],#line,
   [1.86159,-1.51667,0],#bezierCorner,[1.98248,-1.51858,0],[2.20497,-1.10586,0],#curve,
   [2.40807,0,0],#bezier,[2.40807,-0.576396,0],[2.40807,1.32874,0],#curve,
   [0,2.40807,0],#bezier,[1.32874,2.40807,0],[-1.28124,2.40807,0],#curve,
   [-2.39214,0.146416,0],#bezierCorner,[-2.33058,1.40453,0],[-2.81136,0.500146,0],#curve,
   [-3.94351,0.713474,0],#bezier,[-3.35279,0.713474,0],[-5.27225,0.713474,0],#curve,
   [-6.35158,-1.6946,0],#bezier,[-6.35158,-0.365857,0],[-6.35158,-3.02334,0],#curve,
   [-3.94351,-4.10267,0],#bezier,[-5.27225,-4.10267,0],[-3.6396,-4.10267,0],#curve,
   [-3.08317,-3.93722,0],#bezierCorner,[-3.34874,-4.0462,0],[-3.08317,-5.31825,0],#curve,
   [-3.08317,-6.57728,0],#corner,[-3.08317,-5.94776,0],[-1.24889,-6.57728,0],#curve,
   [2.41969,-6.57728,0],#bezierCorner,[0.5854,-6.57728,0],[2.41968,-6.11625,0],#curve,
