Kenzors Control Shape version, 1 
CtrlTrack
#{}
true,1.0,
Curve Count:3 
 1,false,
 point Count:7 
   [2.81602,7.62939e-006,4.93683],#corner,[2.81602,7.62939e-006,4.93683],[4.28498,7.62939e-006,4.93684],#curve,
   [7.22289,7.62939e-006,4.93684],#corner,[5.75393,7.62939e-006,4.93684],[7.22289,7.62939e-006,6.33472],#line,
   [7.22289,7.62939e-006,9.13049],#corner,[7.22289,7.62939e-006,7.7326],[10.2353,7.62939e-006,6.087],#line,
   [16.26,7.62939e-006,1.52588e-005],#corner,[13.2476,7.62939e-006,3.0435],[13.2476,7.62939e-006,-3.04348],#line,
   [7.22289,7.62939e-006,-9.13047],#corner,[10.2353,7.62939e-006,-6.08698],[7.22289,7.62939e-006,-7.73258],#line,
   [7.22289,7.62939e-006,-4.93681],#corner,[7.22289,7.62939e-006,-6.3347],[5.75393,7.62939e-006,-4.93681],#curve,
   [2.81602,7.62939e-006,-4.93681],#corner,[4.28498,7.62939e-006,-4.93681],[2.81602,7.62939e-006,-4.93681],#line,
 2,false,
 point Count:7 
   [-2.81602,7.62939e-006,-4.93681],#corner,[-2.81602,7.62939e-006,-4.93681],[-4.28498,7.62939e-006,-4.93682],#curve,
   [-7.22289,7.62939e-006,-4.93682],#corner,[-5.75393,7.62939e-006,-4.93682],[-7.22289,7.62939e-006,-6.3347],#line,
   [-7.22289,7.62939e-006,-9.13047],#corner,[-7.22289,7.62939e-006,-7.73259],[-10.2353,7.62939e-006,-6.08698],#line,
   [-16.26,7.62939e-006,0],#corner,[-13.2476,7.62939e-006,-3.04349],[-13.2476,7.62939e-006,3.0435],#line,
   [-7.22289,7.62939e-006,9.13049],#corner,[-10.2353,7.62939e-006,6.08699],[-7.22289,7.62939e-006,7.7326],#line,
   [-7.22289,7.62939e-006,4.93683],#corner,[-7.22289,7.62939e-006,6.33472],[-5.75393,7.62939e-006,4.93683],#curve,
   [-2.81602,7.62939e-006,4.93683],#corner,[-4.28498,7.62939e-006,4.93683],[-2.81602,7.62939e-006,4.93683],#line,
 3,true,
 point Count:4 
   [21.1838,7.62939e-006,7.62939e-006],#bezier,[21.1838,8.14033e-006,-11.6889],[21.1838,7.11846e-006,11.6889],#curve,
   [0,6.70342e-006,21.1838],#bezier,[11.6889,6.70342e-006,21.1838],[-11.6889,6.70342e-006,21.1838],#curve,
   [-21.1838,7.62939e-006,7.62939e-006],#bezier,[-21.1838,7.11846e-006,11.6889],[-21.1838,8.14033e-006,-11.6889],#curve,
   [0,8.55537e-006,-21.1838],#bezier,[-11.6889,8.55537e-006,-21.1838],[11.6889,8.55537e-006,-21.1838],#curve,
