Kenzors Control Shape version, 1 
DiLogoBig
#{}
true,1.9685,
Curve Count:9 
 1,true,
 point Count:28 
   [6.4248,14.8744,7.31699e-007],#bezierCorner,[6.19531,12.89,6.97047e-007],[5.12882,14.0806,5.36012e-007],#curve,
   [0.632009,8.49524,-1.42988e-007],#bezier,[3.59182,12.7901,3.03931e-007],[-2.26904,4.28531,-5.81034e-007],#curve,
   [-6.79596,-4.75074,-1.26458e-006],#bezierCorner,[-5.13879,-0.868506,-1.01435e-006],[-6.82823,-3.34802,-1.26945e-006],#curve,
   [5.06805,19.9136,5.26836e-007],#bezier,[-4.16942,10.7982,-8.67983e-007],[7.3094,22.1253,8.6527e-007],#curve,
   [9.37279,24.9091,1.17683e-006],#bezier,[8.76814,22.9225,1.08553e-006],[9.59102,25.6266,1.20979e-006],#curve,
   [10.7953,32.3887,1.39163e-006],#corner,[10.1932,29.0077,1.30071e-006],[11.2253,31.3985,1.45655e-006],#curve,
   [12.0852,29.418,1.58639e-006],#corner,[11.6552,30.4082,1.52147e-006],[13.0539,29.5732,1.73266e-006],#curve,
   [15.142,29.6173,2.04796e-006],#bezier,[14.0226,29.7284,1.87893e-006],[16.2612,29.5064,2.21696e-006],#curve,
   [18.2982,28.8099,2.52453e-006],#corner,[17.2797,29.1582,2.37074e-006],[19.106,29.7611,2.64651e-006],#curve,
   [20.7217,31.6635,2.89047e-006],#corner,[19.9138,30.7123,2.76849e-006],[20.3418,28.1739,2.83311e-006],#curve,
   [19.962,23.8535,2.77576e-006],#bezier,[19.962,24.6843,2.77576e-006],[19.962,21.7952,2.77576e-006],#curve,
   [22.1769,17.6279,3.1102e-006],#bezier,[20.9798,19.5433,2.92944e-006],[26.9218,10.0363,3.82666e-006],#curve,
   [27.2188,-6.29778,3.87151e-006],#corner,[27.0703,1.86927,3.84908e-006],[24.2854,3.64831,3.42857e-006],#curve,
   [19.3242,13.1844,2.67946e-006],#bezierCorner,[21.352,13.5944,2.98564e-006],[19.5162,10.2479,2.70844e-006],#curve,
   [19.0174,-8.83046,2.63313e-006],#bezier,[21.3737,-2.59946,2.98892e-006],[17.2443,-13.5195,2.3654e-006],#curve,
   [13.7188,-16.7747,1.83306e-006],#bezier,[14.9346,-15.2055,2.01664e-006],[13.3771,-17.2156,1.78147e-006],#curve,
   [13.385,-19.3617,1.78266e-006],#bezier,[12.5921,-18.5481,1.66293e-006],[14.1778,-20.1754,1.90236e-006],#curve,
   [15.3534,-20.714,2.07989e-006],#bezier,[14.7839,-20.1312,1.99389e-006],[15.9232,-21.2968,2.16592e-006],#curve,
   [15.6636,-21.6933,2.12672e-006],#corner,[15.7934,-21.4951,2.14632e-006],[13.8459,-21.7198,1.85225e-006],#curve,
   [10.2103,-21.7728,1.3033e-006],#corner,[12.0281,-21.7463,1.57777e-006],[10.4016,-20.7856,1.33218e-006],#curve,
   [10.6883,-17.5128,1.37547e-006],#bezier,[10.5928,-19.7984,1.36105e-006],[10.7776,-15.3782,1.38895e-006],#curve,
   [4.96199,-17.0697,5.10821e-007],#bezier,[5.85406,-14.7817,6.4552e-007],[4.33645,-18.6745,4.16367e-007],#curve,
   [3.65395,-22.0402,3.13312e-007],#corner,[3.9952,-20.3574,3.64839e-007],[1.92638,-22.132,0],#curve,
   [-1.52876,-22.3156,-4.69255e-007],#corner,[0.198809,-22.2238,-2.08399e-007],[-1.71458,-22.2332,-4.97313e-007],#curve,
   [-1.29547,-21.3789,-4.34029e-007],#bezier,[-1.9004,-22.1509,-5.25371e-007],[-0.690275,-20.607,-3.42647e-007],#curve,
   [1.46902,-19.6555,0],#bezier,[0.73456,-20.9653,-1.27503e-007],[2.20362,-18.3459,0],#curve,
   [1.50496,-16.8552,0],#bezier,[2.07937,-17.7529,0],[0.924448,-15.9481,0],#curve,
   [-1.25762,-8.0541,-4.28314e-007],#bezier,[-1.044,-11.5667,-3.96058e-007],[-1.88601,2.27847,-5.23199e-007],#curve,
 2,true,
 point Count:5 
   [10.7409,12.5888,1.38342e-006],#bezier,[8.86078,6.85178,1.09952e-006],[11.5545,15.0713,1.50626e-006],#curve,
   [14.7774,12.2702,1.9929e-006],#bezier,[14.8832,14.345,2.00888e-006],[14.4928,6.69308,1.94994e-006],#curve,
   [12.2653,-8.74311,1.61359e-006],#bezier,[15.3852,-3.46357,2.08468e-006],[10.6799,-11.4259,1.3742e-006],#curve,
   [8.25015,-10.0748,1.00732e-006],#bezier,[9.65518,-10.3253,1.21947e-006],[6.81651,-9.81924,7.90846e-007],#curve,
   [5.7861,-7.36114,6.35258e-007],#bezier,[6.29825,-10.2638,7.12591e-007],[4.56838,-0.461324,4.51387e-007],#curve,
 3,true,
 point Count:5 
   [-18.8957,-22.4321,-3.09159e-006],#bezier,[-19.1668,-22.726,-3.13253e-006],[-18.544,-22.0507,-3.03848e-006],#curve,
   [-12.7406,-21.4589,-2.1622e-006],#bezier,[-16.0844,-21.5525,-2.6671e-006],[-9.39673,-21.3652,-1.65729e-006],#curve,
   [-6.00575,-22.2445,-1.14526e-006],#bezier,[-6.06354,-21.6934,-1.15399e-006],[-5.95299,-22.7484,-1.1373e-006],#curve,
   [-9.67654,-22.8534,-1.69954e-006],#bezier,[-8.15744,-22.9118,-1.47016e-006],[-11.8625,-22.7694,-2.02961e-006],#curve,
   [-15.2781,-23.2443,-2.54534e-006],#bezier,[-12.7523,-23.3696,-2.16396e-006],[-17.8041,-23.1188,-2.92677e-006],#curve,
 4,true,
 point Count:17 
   [-17.9841,-12.2623,-2.95394e-006],#bezierCorner,[-17.948,-13.4138,-2.94849e-006],[-19.5874,-13.4529,-3.19604e-006],#curve,
   [-21.7341,-18.2146,-3.52018e-006],#corner,[-20.6608,-15.8337,-3.35811e-006],[-21.3632,-14.8055,-3.46417e-006],#curve,
   [-17.948,-8.69104,-2.94849e-006],#bezierCorner,[-20.9923,-11.3965,-3.40817e-006],[-17.9452,-4.95976,-2.94807e-006],#curve,
   [-17.7679,-3.29309,-2.9213e-006],#corner,[-17.8565,-4.12643,-2.93468e-006],[-17.0892,-4.02085,-2.81882e-006],#curve,
   [-15.7319,-5.47638,-2.61387e-006],#corner,[-16.4106,-4.74862,-2.71635e-006],[-15.3923,-5.14829,-2.56259e-006],#curve,
   [-14.0962,-4.64115,-2.36688e-006],#bezier,[-15.0527,-4.82019,-2.51131e-006],[-13.1397,-4.46226,-2.22245e-006],#curve,
   [-11.7633,-4.70694,-2.01462e-006],#corner,[-12.4515,-4.5846,-2.11854e-006],[-11.3228,-3.72119,-1.94811e-006],#curve,
   [-10.4418,-1.74971,-1.81508e-006],#corner,[-10.8823,-2.73545,-1.8816e-006],[-9.79095,-3.07316,-1.71681e-006],#curve,
   [-8.53682,-5.91272,-1.52744e-006],#bezierCorner,[-9.14011,-4.39661,-1.61854e-006],[-7.0127,-5.30169,-1.29731e-006],#curve,
   [-4.72307,-0.118037,-9.51582e-007],#corner,[-5.86788,-2.70986,-1.12444e-006],[-5.19256,-3.2838,-1.02247e-006],#curve,
   [-6.95653,-9.12154,-1.28883e-006],#bezierCorner,[-5.66205,-6.44956,-1.09336e-006],[-5.35308,-12.0679,-1.04671e-006],#curve,
   [-5.55179,-17.799,-1.07672e-006],#bezier,[-4.92232,-16.2012,-9.81668e-007],[-5.72879,-18.2479,-1.10344e-006],#curve,
   [-7.81483,-18.5273,-1.41843e-006],#bezier,[-6.46515,-19.6714,-1.21463e-006],[-8.48527,-17.9589,-1.51966e-006],#curve,
   [-10.5055,-17.5751,-1.82471e-006],#bezier,[-9.58323,-17.3793,-1.68545e-006],[-11.428,-17.7706,-1.964e-006],#curve,
   [-12.3183,-20.019,-2.09843e-006],#bezier,[-12.0874,-18.6422,-2.06357e-006],[-12.5623,-21.4755,-2.13527e-006],#curve,
   [-14.5855,-20.454,-2.44077e-006],#bezier,[-13.891,-21.0603,-2.3359e-006],[-15.2877,-19.8414,-2.5468e-006],#curve,
   [-17.1814,-16.5388,-2.83274e-006],#bezier,[-16.3467,-19.0266,-2.70671e-006],[-18.0161,-14.051,-2.95878e-006],#curve,
 5,true,
 point Count:4 
   [-15.1537,-9.99067,-2.52656e-006],#bezier,[-15.1537,-11.4797,-2.52656e-006],[-15.1537,-8.50169,-2.52657e-006],#curve,
   [-12.4576,-7.29469,-2.11946e-006],#bezier,[-13.9466,-7.29469,-2.34429e-006],[-10.9686,-7.29469,-1.89463e-006],#curve,
   [-9.76158,-9.99067,-1.71238e-006],#bezier,[-9.76158,-8.50169,-1.71238e-006],[-9.76158,-11.4797,-1.71238e-006],#curve,
   [-12.4576,-12.6867,-2.11946e-006],#bezier,[-10.9686,-12.6867,-1.89463e-006],[-13.9466,-12.6867,-2.34429e-006],#curve,
 6,true,
 point Count:4 
   [-12.5848,-10.9073,-2.13867e-006],#bezier,[-12.5848,-11.3127,-2.13867e-006],[-12.5848,-10.5019,-2.13867e-006],#curve,
   [-11.8295,-10.1731,-2.02462e-006],#bezier,[-12.2465,-10.1731,-2.08759e-006],[-11.4125,-10.1731,-1.96166e-006],#curve,
   [-11.0744,-10.9073,-1.9106e-006],#bezier,[-11.0744,-10.5019,-1.9106e-006],[-11.0744,-11.3127,-1.9106e-006],#curve,
   [-11.8295,-11.6415,-2.02462e-006],#bezier,[-11.4125,-11.6415,-1.96166e-006],[-12.2465,-11.6415,-2.08759e-006],#curve,
 7,true,
 point Count:4 
   [11.5893,22.7768,1.51152e-006],#bezier,[11.5893,21.2878,1.51152e-006],[11.5893,24.2658,1.51152e-006],#curve,
   [14.2854,25.4728,1.91862e-006],#bezier,[12.7963,25.4728,1.69377e-006],[15.7743,25.4728,2.14343e-006],#curve,
   [16.9813,22.7768,2.32569e-006],#bezier,[16.9813,24.2658,2.32569e-006],[16.9813,21.2878,2.32569e-006],#curve,
   [14.2854,20.0808,1.91862e-006],#bezier,[15.7743,20.0808,2.14344e-006],[12.7963,20.0808,1.69377e-006],#curve,
 8,true,
 point Count:4 
   [12.3888,21.9337,1.63223e-006],#bezier,[12.3888,21.2536,1.63223e-006],[12.3888,22.614,1.63223e-006],#curve,
   [13.6556,23.1654,1.82352e-006],#bezier,[12.9558,23.1654,1.71786e-006],[14.3552,23.1654,1.92915e-006],#curve,
   [14.9224,21.9337,2.0148e-006],#bezier,[14.9224,22.614,2.0148e-006],[14.9224,21.2536,2.0148e-006],#curve,
   [13.6556,20.7021,1.82352e-006],#bezier,[14.3552,20.7021,1.92915e-006],[12.9558,20.7021,1.71786e-006],#curve,
 9,true,
 point Count:8 
   [-1.71305,-28.1427,-4.97082e-007],#bezierCorner,[-0.622883,-28.743,-3.32471e-007],[-4.5051,-29.9675,-9.1867e-007],#curve,
   [-11.5014,-31.0336,-1.97507e-006],#bezier,[-7.8741,-31.0336,-1.42738e-006],[-21.1471,-31.0336,-3.43154e-006],#curve,
   [-28.9665,-14.1959,-4.61224e-006],#bezier,[-28.9665,-23.4951,-4.61224e-006],[-28.9665,-5.28316,-4.61224e-006],#curve,
   [-12.6941,2.6032,-2.15517e-006],#bezierCorner,[-21.7835,2.01222,-3.52764e-006],[-12.4707,4.63296,-2.12144e-006],#curve,
   [-11.5251,8.87095,-1.97866e-006],#bezier,[-12.071,6.74558,-2.06109e-006],[-6.86933,26.9965,-1.27566e-006],#curve,
   [18.683,36.0964,2.58263e-006],#bezier,[6.65523,39.1858,7.66494e-007],[30.7108,33.007,4.39879e-006],#curve,
   [32.0315,-2.31665,4.5982e-006],#bezier,[36.6871,15.8089,5.30118e-006],[27.3759,-20.4422,3.89522e-006],#curve,
   [1.82344,-29.5421,0],#bezier,[13.8512,-32.6316,1.85305e-006],[0.567276,-29.2195,-1.52762e-007],#curve,
