Kenzors Control Shape version, 1 
DiLogoSmall
#{}
true,0.3937,
Curve Count:4 
 1,true,
 point Count:5 
   [-9.20665,-3.02359,-3.09159e-006],#bezier,[-9.56967,-3.41713,-3.13253e-006],[-8.73572,-2.5129,-3.03848e-006],#curve,
   [-0.965246,-1.72053,-2.1622e-006],#bezier,[-5.44245,-1.84586,-2.6671e-006],[3.51213,-1.59504,-1.65729e-006],#curve,
   [8.05253,-2.77241,-1.14526e-006],#bezier,[7.97516,-2.03454,-1.15399e-006],[8.12317,-3.44709,-1.1373e-006],#curve,
   [3.13748,-3.58766,-1.69954e-006],#bezier,[5.1715,-3.66594,-1.47016e-006],[0.210491,-3.47524,-2.02961e-006],#curve,
   [-4.36278,-4.11105,-2.54534e-006],#bezier,[-0.980854,-4.27886,-2.16396e-006],[-7.74505,-3.94307,-2.92677e-006],#curve,
 2,true,
 point Count:17 
   [-7.98605,10.5934,-2.95394e-006],#bezierCorner,[-7.93774,9.05158,-2.94849e-006],[-10.1328,8.99926,-3.19604e-006],#curve,
   [-13.0072,2.62353,-3.52018e-006],#corner,[-11.57,5.8114,-3.35811e-006],[-12.5106,7.18808,-3.46417e-006],#curve,
   [-7.93774,15.3752,-2.94849e-006],#bezierCorner,[-12.014,11.7526,-3.40817e-006],[-7.93393,20.3712,-2.94807e-006],#curve,
   [-7.69656,22.6028,-2.9213e-006],#corner,[-7.81525,21.487,-2.93468e-006],[-6.78786,21.6284,-2.81882e-006],#curve,
   [-4.97045,19.6795,-2.61387e-006],#corner,[-5.87915,20.6539,-2.71635e-006],[-4.51569,20.1188,-2.56259e-006],#curve,
   [-2.78023,20.7978,-2.36688e-006],#bezier,[-4.06094,20.5581,-2.51131e-006],[-1.49954,21.0374,-2.22245e-006],#curve,
   [0.343437,20.7098,-2.01462e-006],#corner,[-0.578051,20.8736,-2.11854e-006],[0.933237,22.0296,-1.94811e-006],#curve,
   [2.11284,24.6694,-1.81508e-006],#corner,[1.52304,23.3495,-1.8816e-006],[2.98429,22.8973,-1.71681e-006],#curve,
   [4.66352,19.0953,-1.52744e-006],#bezierCorner,[3.85574,21.1253,-1.61854e-006],[6.70427,19.9134,-1.29731e-006],#curve,
   [9.77,26.8541,-9.51582e-007],#corner,[8.23714,23.3838,-1.12444e-006],[9.14137,22.6153,-1.02247e-006],#curve,
   [6.77947,14.7988,-1.28883e-006],#bezierCorner,[8.51273,18.3764,-1.09336e-006],[8.92644,10.8537,-1.04671e-006],#curve,
   [8.66037,3.17998,-1.07672e-006],#bezier,[9.50321,5.31933,-9.81668e-007],[8.42338,2.57886,-1.10344e-006],#curve,
   [5.63024,2.20475,-1.41843e-006],#bezier,[7.43742,0.672882,-1.21463e-006],[4.73254,2.96588,-1.51966e-006],#curve,
   [2.02748,3.47982,-1.82471e-006],#bezier,[3.26242,3.74188,-1.68545e-006],[0.792359,3.21794,-1.964e-006],#curve,
   [-0.399706,0.207424,-2.09843e-006],#bezier,[-0.0906115,2.05092,-2.06357e-006],[-0.726433,-1.7427,-2.13527e-006],#curve,
   [-3.43549,-0.375007,-2.44077e-006],#bezier,[-2.50548,-1.18679,-2.3359e-006],[-4.37566,0.445317,-2.5468e-006],#curve,
   [-6.91129,4.86732,-2.83274e-006],#bezier,[-5.79366,1.53625,-2.70671e-006],[-8.02892,8.19838,-2.95878e-006],#curve,
 3,true,
 point Count:4 
   [-4.19625,13.635,-2.52656e-006],#bezier,[-4.19625,11.6413,-2.52656e-006],[-4.19625,15.6287,-2.52657e-006],#curve,
   [-0.586234,17.2448,-2.11946e-006],#bezier,[-2.57993,17.2448,-2.34429e-006],[1.40746,17.2448,-1.89463e-006],#curve,
   [3.02361,13.635,-1.71238e-006],#bezier,[3.02361,15.6287,-1.71238e-006],[3.02361,11.6413,-1.71238e-006],#curve,
   [-0.586232,10.0252,-2.11946e-006],#bezier,[1.40746,10.0252,-1.89463e-006],[-2.57993,10.0252,-2.34429e-006],#curve,
 4,true,
 point Count:4 
   [-0.756576,12.4077,-2.13867e-006],#bezier,[-0.756576,11.8649,-2.13867e-006],[-0.756576,12.9505,-2.13867e-006],#curve,
   [0.254798,13.3908,-2.02462e-006],#bezier,[-0.303636,13.3908,-2.08759e-006],[0.813064,13.3908,-1.96166e-006],#curve,
   [1.26582,12.4077,-1.9106e-006],#bezier,[1.26582,12.9505,-1.9106e-006],[1.26582,11.8649,-1.9106e-006],#curve,
   [0.254798,11.4246,-2.02462e-006],#bezier,[0.813064,11.4246,-1.96166e-006],[-0.303636,11.4246,-2.08759e-006],#curve,
