Kenzors Control Shape version, 1 
Face
#{}
false,0.0,
Curve Count:12 
1,true,
point Count:4 
[0.978345,1.54845,0],#bezier,[1.3414,1.54377,0],[0.615288,1.55313,0],#curve,
[0.347269,1.23704,0],#corner,[0.481278,1.39509,0],[0.510419,1.07389,0],#curve,
[1.03903,0.88464,0],#bezier,[0.673569,0.910744,0],[1.40448,0.858535,0],#curve,
[1.84825,1.19789,0],#corner,[1.62637,1.02821,0],[1.59483,1.37083,0],#curve,
2,true,
point Count:4 
[1.19557,1.24252,0],#bezier,[1.19557,1.128,0],[1.19557,1.35704,0],#curve,
[0.98802,1.45007,0],#bezier,[1.10254,1.45007,0],[0.873496,1.45007,0],#curve,
[0.780471,1.24252,0],#bezier,[0.780471,1.35704,0],[0.780471,1.128,0],#curve,
[0.98802,1.03497,0],#bezier,[0.873496,1.03497,0],[1.10254,1.03497,0],#curve,
3,false,
point Count:3 
[1.10049,0.889753,0],#bezier,[1.06501,0.878433,0],[1.24987,0.93742,0],#curve,
[1.35822,1.24252,0],#bezier,[1.35822,1.07745,0],[1.35822,1.35199,0],#curve,
[1.23488,1.51828,0],#bezier,[1.31056,1.45046,0],[1.16935,1.57699,0],#line,
4,false,
point Count:3 
[0.740399,1.51759,0],#bezier,[0.806019,1.57671,0],[0.665157,1.4498,0],#curve,
[0.617819,1.24252,0],#bezier,[0.617819,1.35163,0],[0.617819,1.12005,0],#curve,
[0.769243,0.943958,0],#bezier,[0.677458,1.01137,0],[0.830559,0.898928,0],#line,
5,true,
point Count:4 
[-0.978348,1.54845,0],#bezier,[-1.34139,1.54377,0],[-0.615288,1.55313,0],#curve,
[-0.347272,1.23704,0],#corner,[-0.48128,1.39509,0],[-0.510424,1.07389,0],#curve,
[-1.03903,0.88464,0],#bezier,[-0.673575,0.910744,0],[-1.40448,0.858535,0],#curve,
[-1.84826,1.19789,0],#corner,[-1.62637,1.02821,0],[-1.59482,1.37083,0],#curve,
6,true,
point Count:4 
[-1.19557,1.24252,0],#bezier,[-1.19557,1.128,0],[-1.19557,1.35704,0],#curve,
[-0.988015,1.45007,0],#bezier,[-1.10255,1.45007,0],[-0.873496,1.45007,0],#curve,
[-0.780471,1.24252,0],#bezier,[-0.780471,1.35704,0],[-0.780471,1.128,0],#curve,
[-0.988015,1.03497,0],#bezier,[-0.873496,1.03497,0],[-1.10255,1.03497,0],#curve,
7,false,
point Count:3 
[-1.10049,0.889753,0],#bezier,[-1.06502,0.878433,0],[-1.24987,0.937422,0],#curve,
[-1.35823,1.24252,0],#bezier,[-1.35823,1.07745,0],[-1.35823,1.35199,0],#curve,
[-1.23488,1.51828,0],#bezier,[-1.31057,1.45046,0],[-1.16935,1.57699,0],#line,
8,false,
point Count:3 
[-0.740397,1.51759,0],#bezier,[-0.806021,1.57672,0],[-0.665159,1.44981,0],#curve,
[-0.617817,1.24252,0],#bezier,[-0.617817,1.35163,0],[-0.617817,1.12005,0],#curve,
[-0.769243,0.943958,0],#bezier,[-0.677462,1.01137,0],[-0.830559,0.898927,0],#line,
9,false,
point Count:8 
[-0.461905,0.287269,0],#bezier,[-0.454835,0.36577,0],[-0.468976,0.208755,0],#curve,
[-0.331487,0.169999,0],#bezier,[-0.383693,0.169999,0],[-0.279279,0.169999,0],#curve,
[-0.200344,0.222255,0],#corner,[-0.239811,0.196127,0],[-0.184415,0.131005,0],#curve,
[-0.101091,0.0397546,0],#smooth,[-0.15133,0.0701713,0],[-0.0508528,0.00933786,0],#curve,
[0.101089,0.0397546,0],#smooth,[0.0508499,0.00933786,0],[0.151329,0.0701713,0],#curve,
[0.200346,0.222255,0],#corner,[0.184415,0.131005,0],[0.23981,0.196127,0],#curve,
[0.331482,0.169999,0],#bezier,[0.279274,0.169999,0],[0.38369,0.169999,0],#curve,
[0.46191,0.287269,0],#bezier,[0.46898,0.208756,0],[0.454842,0.36577,0],#line,
10,true,
point Count:7 
[1.16049,-0.472112,0],#smooth,[1.17741,-0.661184,0],[1.14357,-0.28304,0],#curve,
[0.394898,-0.231958,0],#smooth,[0.590046,-0.27047,0],[0.199751,-0.193446,0],#curve,
[-0.010397,-0.241041,0],#smooth,[0.114035,-0.245573,0],[-0.13483,-0.23651,0],#curve,
[-0.351697,-0.20477,0],#smooth,[-0.150229,-0.200077,0],[-0.553166,-0.209464,0],#curve,
[-1.21921,-0.269201,0],#smooth,[-1.20837,-0.0709749,0],[-1.23005,-0.467427,0],#curve,
[-0.416724,-1.39413,0],#smooth,[-0.702661,-1.21126,0],[-0.130788,-1.57699,0],#curve,
[0.496408,-1.36639,0],#smooth,[0.23354,-1.52006,0],[0.759276,-1.21272,0],#curve,
11,false,
point Count:3 
[1.1047,-0.406834,0],#smooth,[1.1047,-0.406834,0],[0.73288,-0.462057,0],#curve,
[-0.0106993,-0.443604,0],#smooth,[0.361078,-0.474313,0],[-0.382477,-0.412894,0],#curve,
[-1.12596,-0.222576,0],#smooth,[-0.75423,-0.339218,0],[-1.12596,-0.222576,0],#line,
12,false,
point Count:3 
[0.70887,-1.13735,0],#smooth,[0.70887,-1.13735,0],[0.481217,-1.20196,0],#curve,
[0.0166836,-1.22042,0],#smooth,[0.250488,-1.22965,0],[-0.217121,-1.21119,0],#curve,
[-0.693959,-1.08198,0],#smooth,[-0.454002,-1.16505,0],[-0.693959,-1.08198,0],#line,
