Kenzors Control Shape version, 1 
FeatherWing
#{}
false,0.24,
Curve Count:3 
1,true,
point Count:21 
[-4.26128,-0.0226852,0],#corner,[-4.26128,-0.282176,0],[-3.74701,0.151822,0],#curve,
[-2.71847,0.500837,0],#smooth,[-3.2742,0.124598,0],[-2.16273,0.877075,0],#curve,
[-0.926853,2.23475,0],#smooth,[-1.51547,1.99054,0],[-0.338232,2.47896,0],#curve,
[0.813261,1.96609,0],#smooth,[0.284054,2.2507,0],[1.34247,1.68149,0],#curve,
[2.2484,0.527104,0],#bezier,[2.48666,0.917894,0],[2.01014,0.136316,0],#curve,
[0.506201,0.906889,0],#corner,[1.25817,0.521602,0],[1.38211,0.0465893,0],#curve,
[1.81913,-1.16382,0],#bezier,[2.25802,-0.81371,0],[1.38229,-1.5123,0],#curve,
[-0.0524387,0.0140622,0],#corner,[0.664925,-0.749117,0],[0.434551,-0.80703,0],#curve,
[0.534122,-1.82774,0],#bezier,[0.921541,-1.62812,0],[0.151108,-2.02508,0],#curve,
[-0.590595,-0.801719,0],#corner,[-0.219744,-1.4134,0],[-0.587267,-1.71945,0],#curve,
[-0.906015,-2.64064,0],#bezier,[-0.583941,-2.63719,0],[-1.22401,-2.64405,0],#curve,
[-1.33527,-1.43903,0],#corner,[-1.27964,-2.04154,0],[-1.50352,-2.12494,0],#curve,
[-1.94673,-3.00498,0],#bezier,[-1.67177,-2.81084,0],[-2.21831,-3.19673,0],#curve,
[-2.13846,-1.86238,0],#corner,[-2.17839,-2.52956,0],[-2.36094,-2.46431,0],#curve,
[-2.74938,-3.07427,0],#bezier,[-2.58342,-3.06623,0],[-2.91447,-3.08228,0],#curve,
[-2.89257,-2.14647,0],#corner,[-2.90352,-2.61437,0],[-3.05048,-2.6305,0],#curve,
[-3.37625,-3.12603,0],#bezier,[-3.2084,-3.11453,0],[-3.54339,-3.13749,0],#curve,
[-3.52471,-2.18395,0],#corner,[-3.53405,-2.66072,0],[-3.62876,-2.68129,0],#curve,
[-3.91678,-3.15501,0],#bezier,[-3.73281,-3.17863,0],[-4.10108,-3.13135,0],#curve,
[-4.07528,-1.23203,0],#smooth,[-4.01787,-1.62434,0],[-4.1327,-0.839725,0],#curve,
[-4.26128,-0.801158,0],#corner,[-4.19928,-0.944783,0],[-4.26128,-0.541667,0],#curve,
2,true,
point Count:21 
[-4.41637,-0.0226852,0],#corner,[-4.41637,-0.282176,0],[-4.93064,0.151822,0],#curve,
[-5.95918,0.500837,0],#smooth,[-5.40344,0.124598,0],[-6.51492,0.877076,0],#curve,
[-7.7508,2.23475,0],#smooth,[-7.16217,1.99054,0],[-8.33942,2.47896,0],#curve,
[-9.49091,1.9661,1.28899e-007],#smooth,[-8.9617,2.2507,0],[-10.0201,1.68149,1.48108e-007],#curve,
[-10.926,0.527104,1.75983e-007],#bezier,[-11.1643,0.917894,1.94326e-007],[-10.6878,0.136316,1.57641e-007],#curve,
[-9.18385,0.906889,0],#corner,[-9.93582,0.521603,1.29906e-007],[-10.0598,0.0465896,1.27993e-007],#curve,
[-10.4968,-1.16382,1.25188e-007],#bezier,[-10.9357,-0.81371,1.53815e-007],[-10.0599,-1.5123,0],#curve,
[-8.62521,0.0140629,0],#corner,[-9.34258,-0.749117,0],[-9.1122,-0.80703,0],#curve,
[-9.21177,-1.82774,0],#bezier,[-9.59919,-1.62812,0],[-8.82876,-2.02508,0],#curve,
[-8.08706,-0.801719,0],#corner,[-8.4579,-1.4134,0],[-8.09038,-1.71945,0],#curve,
[-7.77163,-2.64064,0],#bezier,[-8.09371,-2.63719,0],[-7.45364,-2.64405,0],#curve,
[-7.34238,-1.43903,0],#corner,[-7.39801,-2.04154,0],[-7.17413,-2.12494,0],#curve,
[-6.73092,-3.00498,0],#bezier,[-7.00588,-2.81084,0],[-6.45934,-3.19673,0],#curve,
[-6.53919,-1.86238,0],#corner,[-6.49926,-2.52956,0],[-6.31671,-2.4643,0],#curve,
[-5.92827,-3.07427,0],#bezier,[-6.09423,-3.06623,0],[-5.76318,-3.08228,0],#curve,
[-5.78508,-2.14647,0],#corner,[-5.77413,-2.61437,0],[-5.62717,-2.6305,0],#curve,
[-5.3014,-3.12603,0],#bezier,[-5.46925,-3.11453,0],[-5.13426,-3.13749,0],#curve,
[-5.15294,-2.18395,0],#corner,[-5.1436,-2.66072,0],[-5.04889,-2.68129,0],#curve,
[-4.76087,-3.15501,0],#bezier,[-4.94484,-3.17863,0],[-4.57657,-3.13135,0],#curve,
[-4.60236,-1.23203,0],#smooth,[-4.65978,-1.62434,0],[-4.54495,-0.839725,0],#curve,
[-4.41637,-0.801158,0],#corner,[-4.47837,-0.944783,0],[-4.41637,-0.541667,0],#curve,
3,true,
point Count:4 
[2.91225,0.0458412,0],#bezier,[2.91225,-3.9552,0],[2.91225,4.04689,0],#curve,
[-4.33883,7.29692,0],#bezier,[-0.33778,7.29692,0],[-8.33987,7.29692,0],#curve,
[-11.5899,0.0458406,0],#bezier,[-11.5899,4.04689,0],[-11.5899,-3.9552,0],#curve,
[-4.33883,-7.20524,0],#bezier,[-8.33987,-7.20524,0],[-0.33778,-7.20524,0],#curve,
