Kenzors Control Shape version, 1 
FilmStrip
#{}
false,0.24,
Curve Count:22 
1,true,
point Count:8 
[4.00796,0.456553,0.548975],#bezierCorner,[2.57479,-1.05866,0.548975],[3.43501,0.586134,0.548975],#curve,
[2.36164,0.969498,0.548975],#bezierCorner,[2.88172,0.749388,0.548975],[1.88491,1.2638,0.548975],#curve,
[1.07908,2.10513,0.548975],#bezierCorner,[1.45719,1.64199,0.548975],[0.746105,2.64551,0.548975],#curve,
[0.175272,3.88911,0.548975],#bezierCorner,[0.449118,3.2475,0.548975],[-1.2579,2.37389,0.548975],#curve,
[-3.65344,-0.179073,0.548975],#bezierCorner,[-2.22027,1.33614,0.548975],[-3.37959,-0.820681,0.548975],#curve,
[-2.74963,-1.96306,0.548975],#bezier,[-3.0826,-1.42267,0.548975],[-2.43599,-2.47206,0.548975],#curve,
[-1.46707,-3.09869,0.548975],#bezier,[-1.9438,-2.80438,0.548975],[-0.986525,-3.39534,0.548975],#curve,
[0.179255,-3.61163,0.548975],#bezierCorner,[-0.393703,-3.48205,0.548975],[1.61242,-2.09641,0.548975],#curve,
2,true,
point Count:4 
[3.04372,2.27437,0.548975],#corner,[2.78054,1.99612,0.548975],[2.8256,2.46728,0.548975],#curve,
[2.38935,2.85309,0.548975],#corner,[2.60748,2.66018,0.548975],[2.12617,2.57484,0.548975],#curve,
[1.59981,2.01834,0.548975],#corner,[1.86299,2.29659,0.548975],[1.81793,1.82543,0.548975],#curve,
[2.25417,1.43962,0.548975],#corner,[2.03605,1.63252,0.548975],[2.51736,1.71787,0.548975],#curve,
3,true,
point Count:4 
[4.99123,1.56439,0.548975],#corner,[4.72805,1.28614,0.548975],[4.70217,1.63587,0.548975],#curve,
[4.12405,1.77882,0.548975],#corner,[4.41311,1.70735,0.548975],[3.86087,1.50057,0.548975],#curve,
[3.33451,0.944073,0.548975],#corner,[3.59769,1.22232,0.548975],[3.62356,0.872595,0.548975],#curve,
[4.20168,0.729639,0.548975],#corner,[3.91262,0.801117,0.548975],[4.46487,1.00789,0.548975],#curve,
4,true,
point Count:4 
[1.66771,3.96264,0.548975],#corner,[1.40453,3.68439,0.548975],[1.52425,4.28335,0.548975],#curve,
[1.23733,4.92478,0.548975],#corner,[1.38079,4.60407,0.548975],[0.974142,4.64653,0.548975],#curve,
[0.447777,4.09003,0.548975],#corner,[0.71096,4.36828,0.548975],[0.591238,3.76932,0.548975],#curve,
[0.87816,3.12789,0.548975],#corner,[0.734699,3.4486,0.548975],[1.14134,3.40614,0.548975],#curve,
5,true,
point Count:4 
[-2.06964,-3.15202,0.548975],#corner,[-2.33283,-3.43027,0.548975],[-2.28777,-2.95911,0.548975],#curve,
[-2.72401,-2.5733,0.548975],#corner,[-2.50589,-2.76621,0.548975],[-2.9872,-2.85155,0.548975],#curve,
[-3.51356,-3.40805,0.548975],#corner,[-3.25038,-3.1298,0.548975],[-3.29544,-3.60096,0.548975],#curve,
[-2.85919,-3.98677,0.548975],#corner,[-3.07732,-3.79386,0.548975],[-2.59601,-3.70852,0.548975],#curve,
6,true,
point Count:4 
[-0.122137,-3.862,0.548975],#corner,[-0.385319,-4.14025,0.548975],[-0.411196,-3.79052,0.548975],#curve,
[-0.989313,-3.64757,0.548975],#corner,[-0.700254,-3.71904,0.548975],[-1.2525,-3.92582,0.548975],#curve,
[-1.77886,-4.48232,0.548975],#corner,[-1.51568,-4.20407,0.548975],[-1.4898,-4.55379,0.548975],#curve,
[-0.911686,-4.69675,0.548975],#corner,[-1.20074,-4.62527,0.548975],[-0.648502,-4.4185,0.548975],#curve,
7,true,
point Count:4 
[-3.44565,-1.46375,0.548975],#corner,[-3.70884,-1.742,0.548975],[-3.58912,-1.14304,0.548975],#curve,
[-3.87604,-0.50161,0.548975],#corner,[-3.73258,-0.822323,0.548975],[-4.13922,-0.779861,0.548975],#curve,
[-4.66559,-1.33636,0.548975],#corner,[-4.40241,-1.05811,0.548975],[-4.52213,-1.65708,0.548975],#curve,
[-4.2352,-2.2985,0.548975],#corner,[-4.37866,-1.97779,0.548975],[-3.97202,-2.02025,0.548975],#curve,
8,true,
point Count:8 
[8.51492,-3.9673,0.548975],#bezierCorner,[7.08175,-5.48252,0.548975],[8.24749,-3.3147,0.548975],#curve,
[7.69348,-2.0423,0.548975],#bezierCorner,[7.97894,-2.66404,0.548975],[7.37709,-1.47353,0.548975],#curve,
[6.61241,-0.56176,0.548975],#bezierCorner,[7.01892,-0.97628,0.548975],[6.15601,-0.232656,0.548975],#curve,
[5.11256,0.201914,0.548975],#bezierCorner,[5.65328,0.0171413,0.548975],[3.67939,-1.3133,0.548975],#curve,
[1.28385,-3.86627,0.548975],#bezierCorner,[2.71702,-2.35105,0.548975],[1.82457,-4.05104,0.548975],#curve,
[2.7837,-4.62994,0.548975],#bezier,[2.3273,-4.30084,0.548975],[3.25462,-4.96951,0.548975],#curve,
[3.86477,-6.11049,0.548975],#corner,[3.5597,-5.54,0.548975],[4.14178,-6.74669,0.548975],#curve,
[4.68621,-8.03548,0.548975],#bezierCorner,[4.41879,-7.38288,0.548975],[6.11938,-6.52026,0.548975],#curve,
9,true,
point Count:4 
[8.50173,-0.521456,0.548975],#corner,[8.23855,-0.799706,0.548975],[8.31887,-0.268181,0.548975],#curve,
[7.95316,0.238371,0.548975],#corner,[8.13602,-0.014904,0.548975],[7.68998,-0.0398788,0.548975],#curve,
[7.16361,-0.59638,0.548975],#corner,[7.42679,-0.31813,0.548975],[7.34647,-0.849655,0.548975],#curve,
[7.71218,-1.35621,0.548975],#corner,[7.52933,-1.10293,0.548975],[7.97537,-1.07796,0.548975],#curve,
10,true,
point Count:4 
[9.5267,-2.81064,0.548975],#corner,[9.26352,-3.08889,0.548975],[9.3906,-2.47734,0.548975],#curve,
[9.11838,-1.81073,0.548975],#corner,[9.25449,-2.14404,0.548975],[8.8552,-2.08899,0.548975],#curve,
[8.32883,-2.64548,0.548975],#corner,[8.59202,-2.36724,0.548975],[8.46494,-2.97879,0.548975],#curve,
[8.73716,-3.64539,0.548975],#corner,[8.60105,-3.31209,0.548975],[9.00034,-3.36714,0.548975],#curve,
11,true,
point Count:4 
[7.00879,0.966648,0.548975],#corner,[6.7456,0.688398,0.548975],[6.73965,1.07223,0.548975],#curve,
[6.20138,1.28339,0.548975],#corner,[6.47051,1.17781,0.548975],[5.93819,1.00514,0.548975],#curve,
[5.41183,0.448641,0.548975],#corner,[5.67501,0.726891,0.548975],[5.68097,0.34306,0.548975],#curve,
[6.21924,0.131897,0.548975],#corner,[5.9501,0.237478,0.548975],[6.48242,0.410147,0.548975],#curve,
12,true,
point Count:4 
[3.38836,-5.94784,0.548975],#corner,[3.12518,-6.22609,0.548975],[3.20551,-5.69457,0.548975],#curve,
[2.83979,-5.18802,0.548975],#corner,[3.02265,-5.44129,0.548975],[2.57661,-5.46627,0.548975],#curve,
[2.05024,-6.02277,0.548975],#corner,[2.31343,-5.74452,0.548975],[2.2331,-6.27604,0.548975],#curve,
[2.59882,-6.78259,0.548975],#corner,[2.41596,-6.52932,0.548975],[2.862,-6.50434,0.548975],#curve,
13,true,
point Count:4 
[4.41334,-8.23703,0.548975],#corner,[4.15016,-8.51528,0.548975],[4.27723,-7.90373,0.548975],#curve,
[4.00502,-7.23712,0.548975],#corner,[4.14112,-7.57043,0.548975],[3.74183,-7.51537,0.548975],#curve,
[3.21547,-8.07187,0.548975],#corner,[3.47865,-7.79362,0.548975],[3.35158,-8.40518,0.548975],#curve,
[3.62379,-9.07178,0.548975],#corner,[3.48768,-8.73848,0.548975],[3.88697,-8.79353,0.548975],#curve,
14,true,
point Count:4 
[1.89542,-4.45974,0.548975],#corner,[1.63223,-4.73799,0.548975],[1.62628,-4.35416,0.548975],#curve,
[1.08801,-4.143,0.548975],#corner,[1.35715,-4.24858,0.548975],[0.824825,-4.42125,0.548975],#curve,
[0.29846,-4.97775,0.548975],#corner,[0.561644,-4.6995,0.548975],[0.567596,-5.08333,0.548975],#curve,
[1.10587,-5.29449,0.548975],#corner,[0.836733,-5.18891,0.548975],[1.36905,-5.01624,0.548975],#curve,
15,true,
point Count:8 
[-0.343674,5.13879,0.548975],#bezierCorner,[-1.77684,3.62358,0.548975],[-0.638855,5.74388,0.548975],#curve,
[-1.34452,6.75667,0.548975],#bezierCorner,[-0.969337,6.28853,0.548975],[-1.76919,7.14009,0.548975],#curve,
[-2.76074,7.6635,0.548975],#bezierCorner,[-2.24305,7.4393,0.548975],[-3.31236,7.8296,0.548975],#curve,
[-4.46182,8.0827,0.548975],#bezierCorner,[-3.88456,7.96049,0.548975],[-5.89499,6.56748,0.548975],#curve,
[-8.29053,4.01451,0.548975],#bezierCorner,[-6.85737,5.52973,0.548975],[-7.71327,3.89231,0.548975],#curve,
[-6.58945,3.59532,0.548975],#bezier,[-7.14107,3.76142,0.548975],[-6.04925,3.43266,0.548975],#curve,
[-5.17322,2.68848,0.548975],#bezier,[-5.5979,3.0719,0.548975],[-4.72793,2.28645,0.548975],#curve,
[-4.17238,1.07061,0.548975],#bezierCorner,[-4.46756,1.67569,0.548975],[-2.73921,2.58582,0.548975],#curve,
16,true,
point Count:4 
[-0.614653,8.14334,0.548975],#corner,[-0.877836,7.86509,0.548975],[-0.856169,8.2962,0.548975],#curve,
[-1.3392,8.60193,0.548975],#corner,[-1.09768,8.44907,0.548975],[-1.60238,8.32368,0.548975],#curve,
[-2.12875,7.76718,0.548975],#corner,[-1.86557,8.04543,0.548975],[-1.88723,7.61432,0.548975],#curve,
[-1.4042,7.30859,0.548975],#corner,[-1.64572,7.46145,0.548975],[-1.14102,7.58684,0.548975],#curve,
17,true,
point Count:4 
[0.667074,6.29367,0.548975],#corner,[0.403893,6.01542,0.548975],[0.510422,6.5918,0.548975],#curve,
[0.197117,7.18807,0.548975],#corner,[0.353769,6.88994,0.548975],[-0.0660648,6.90982,0.548975],#curve,
[-0.59243,6.35332,0.548975],#corner,[-0.329248,6.63157,0.548975],[-0.43578,6.05519,0.548975],#curve,
[-0.122475,5.45892,0.548975],#corner,[-0.279127,5.75705,0.548975],[0.140709,5.73717,0.548975],#curve,
18,true,
point Count:4 
[-2.48924,8.97815,0.548975],#corner,[-2.75242,8.6999,0.548975],[-2.7832,9.04123,0.548975],#curve,
[-3.37112,9.16741,0.548975],#corner,[-3.07716,9.10432,0.548975],[-3.63431,8.88916,0.548975],#curve,
[-4.16067,8.33265,0.548975],#corner,[-3.89749,8.6109,0.548975],[-3.86671,8.26957,0.548975],#curve,
[-3.27879,8.1434,0.548975],#corner,[-3.57275,8.20649,0.548975],[-3.0156,8.42165,0.548975],#curve,
19,true,
point Count:4 
[-5.72802,2.71695,0.548975],#corner,[-5.9912,2.4387,0.548975],[-5.96953,2.86981,0.548975],#curve,
[-6.45257,3.17554,0.548975],#corner,[-6.21105,3.02268,0.548975],[-6.71575,2.89729,0.548975],#curve,
[-7.24211,2.34079,0.548975],#corner,[-6.97893,2.61904,0.548975],[-7.0006,2.18793,0.548975],#curve,
[-6.51757,1.8822,0.548975],#corner,[-6.75908,2.03506,0.548975],[-6.25438,2.16045,0.548975],#curve,
20,true,
point Count:4 
[-4.44629,0.867279,0.548975],#corner,[-4.70947,0.589029,0.548975],[-4.60294,1.16541,0.548975],#curve,
[-4.91625,1.76168,0.548975],#corner,[-4.7596,1.46355,0.548975],[-5.17943,1.48343,0.548975],#curve,
[-5.7058,0.926929,0.548975],#corner,[-5.44261,1.20518,0.548975],[-5.54914,0.628796,0.548975],#curve,
[-5.23584,0.0325298,0.548975],#corner,[-5.39249,0.330662,0.548975],[-4.97265,0.31078,0.548975],#curve,
21,true,
point Count:4 
[-7.6026,3.55176,0.548975],#corner,[-7.86579,3.27351,0.548975],[-7.89656,3.61485,0.548975],#curve,
[-8.48449,3.74102,0.548975],#corner,[-8.19053,3.67793,0.548975],[-8.74767,3.46277,0.548975],#curve,
[-9.27403,2.90627,0.548975],#corner,[-9.01085,3.18452,0.548975],[-8.98007,2.84318,0.548975],#curve,
[-8.39215,2.71701,0.548975],#corner,[-8.68611,2.7801,0.548975],[-8.12897,2.99526,0.548975],#curve,
22,true,
point Count:32 
[10.11,-3.199,0.548975],#bezierCorner,[8.81071,-3.76338,0.548975],[9.80118,-2.50731,0.548975],#curve,
[9.20961,-1.0792,0.548975],#bezierCorner,[9.50809,-1.78864,0.548975],[8.88524,-0.414082,0.548975],#curve,
[8.09509,0.674088,0.548975],#bezierCorner,[8.51771,0.177149,0.548975],[7.61231,1.06804,0.548975],#curve,
[6.48301,1.57565,0.548975],#bezierCorner,[7.07176,1.36311,0.548975],[5.8616,1.7323,0.548975],#curve,
[4.60086,2.0149,0.548975],#bezierCorner,[5.22715,1.8666,0.548975],[4.00296,2.21179,0.548975],#curve,
[2.95346,2.856,0.548975],#bezierCorner,[3.45013,2.48583,0.548975],[2.51706,3.32935,0.548975],#curve,
[1.80457,4.55045,0.548975],#bezierCorner,[2.13758,3.90012,0.548975],[1.50182,5.25259,0.548975],#curve,
[0.906021,6.67345,0.548975],#bezierCorner,[1.20939,5.97238,0.548975],[0.571835,7.32177,0.548975],#curve,
[-0.247408,8.36014,0.548975],#bezierCorner,[0.190771,7.88984,0.548975],[-0.74585,8.72728,0.548975],#curve,
[-1.89922,9.19368,0.548975],#bezierCorner,[-1.30021,8.99869,0.548975],[-2.52606,9.34104,0.548975],#curve,
[-3.78114,9.63334,0.548975],#bezierCorner,[-3.16043,9.47549,0.548975],[-4.34605,8.39829,0.548975],#curve,
[-7.14858,6.24879,0.548975],#bezier,[-6.59831,7.31906,0.548975],[-7.63527,5.30217,0.548975],#curve,
[-10.0862,3.94827,0.548975],#bezierCorner,[-9.08962,4.31568,0.548975],[-9.81464,3.95192,0.548975],#curve,
[-9.46631,3.9192,0.548975],#corner,[-9.64048,3.93556,0.548975],[-9.68243,3.68447,0.548975],#curve,
[-10.1147,3.21502,0.548975],#corner,[-9.89855,3.44974,0.548975],[-10.3074,3.24513,0.548975],#curve,
[-10.5028,3.23238,0.548975],#bezierCorner,[-10.5002,3.27524,0.548975],[-10.5153,3.02149,0.548975],#curve,
[-10.4314,2.58207,0.548975],#bezierCorner,[-10.4935,2.80476,0.548975],[-9.81069,2.42422,0.548975],#curve,
[-8.54948,2.14241,0.548975],#bezier,[-9.17631,2.28977,0.548975],[-7.93625,1.99825,0.548975],#curve,
[-6.89767,1.30887,0.548975],#bezier,[-7.3961,1.67601,0.548975],[-6.38012,0.92765,0.548975],#curve,
[-5.74423,-0.377815,0.548975],#bezier,[-6.07842,0.2705,0.548975],[-5.39423,-1.05681,0.548975],#curve,
[-4.84569,-2.50082,0.548975],#bezier,[-5.14843,-1.79868,0.548975],[-4.55641,-3.17174,0.548975],#curve,
[-3.6968,-4.19527,0.548975],#bezier,[-4.13319,-3.72192,0.548975],[-3.27693,-4.6507,0.548975],#curve,
[-2.0494,-5.03637,0.548975],#bezier,[-2.6473,-4.83948,0.548975],[-1.43809,-5.23767,0.548975],#curve,
[-0.167246,-5.47562,0.548975],#bezier,[-0.788654,-5.31897,0.548975],[0.439711,-5.62862,0.548975],#curve,
[1.44483,-6.37718,0.548975],#bezier,[0.962055,-5.98323,0.548975],[1.95025,-6.78961,0.548975],#curve,
[2.66689,-8.23416,0.548975],#bezier,[2.34252,-7.56904,0.548975],[2.99889,-8.91493,0.548975],#curve,
[3.6072,-10.6519,0.548975],#bezierCorner,[3.35157,-9.9363,0.548975],[3.76004,-10.4903,0.548975],#curve,
[4.12317,-10.4287,0.548975],#corner,[3.94161,-10.4595,0.548975],[4.07264,-10.257,0.548975],#curve,
[3.97159,-9.91347,0.548975],#corner,[4.02212,-10.0852,0.548975],[4.22919,-9.63248,0.548975],#curve,
[4.74438,-9.07049,0.548975],#corner,[4.48679,-9.35149,0.548975],[4.82287,-9.29709,0.548975],#curve,
[4.97985,-9.75028,0.548975],#corner,[4.90136,-9.52369,0.548975],[5.91805,-8.32788,0.548975],#curve,
[7.68631,-6.4966,0.548975],#bezier,[6.85626,-6.90547,0.548975],[9.17878,-5.76142,0.548975],#curve,
