Kenzors Control Shape version, 1 
Link
#{}
false,0.0,
Curve Count:3 
1,true,
point Count:12 
[-0.312337,1.23993,0],#bezierCorner,[-0.312343,0.997864,0],[-0.312337,1.36666,0],#curve,
[-0.0395107,1.46937,0],#bezierCorner,[-0.190215,1.46938,0],[-0.0131803,1.46937,0],#curve,
[0.0394773,1.46937,0],#bezierCorner,[0.0131454,1.46937,0],[0.190187,1.46938,0],#curve,
[0.312309,1.23993,0],#bezierCorner,[0.312309,1.36666,0],[0.312309,0.997864,0],#curve,
[0.314453,0.0575776,0],#bezierCorner,[0.313741,0.0798612,0],[0.577724,0.155099,0],#curve,
[0.723397,0.659278,0],#bezierCorner,[0.723392,0.388004,0],[0.723397,0.902779,0],#curve,
[0.723392,1.24165,0],#bezierCorner,[0.723397,0.998146,0],[0.723397,1.60048,0],#curve,
[0.0368609,1.89219,0],#bezierCorner,[0.415534,1.89219,0],[0.0122919,1.8922,0],#curve,
[-0.0368557,1.89219,0],#bezierCorner,[-0.0122871,1.8922,0],[-0.415539,1.89219,0],#curve,
[-0.723391,1.24165,0],#bezierCorner,[-0.723396,1.60048,0],[-0.723396,0.998146,0],#curve,
[-0.723396,0.659273,0],#bezierCorner,[-0.723396,0.902774,0],[-0.723391,0.388505,0],#curve,
[-0.315929,0.0581188,0],#bezierCorner,[-0.578436,0.155953,0],[-0.314736,0.080219,0],#curve,
2,true,
point Count:12 
[-0.310949,-0.0562755,0],#bezierCorner,[-0.311407,-0.104556,0],[-0.576081,-0.153007,0],#curve,
[-0.723391,-0.659279,0],#bezierCorner,[-0.723396,-0.386797,0],[-0.723396,-0.902787,0],#curve,
[-0.723391,-1.24165,0],#bezierCorner,[-0.723396,-0.99815,0],[-0.723396,-1.60047,0],#curve,
[-0.0368662,-1.89218,0],#bezierCorner,[-0.415533,-1.89218,0],[-0.0122871,-1.89218,0],#curve,
[0.0368557,-1.89218,0],#bezierCorner,[0.0122871,-1.8922,0],[0.415539,-1.89218,0],#curve,
[0.723392,-1.24165,0],#bezierCorner,[0.723397,-1.60047,0],[0.723397,-0.998137,0],#curve,
[0.723385,-0.659279,0],#bezierCorner,[0.723397,-0.902774,0],[0.723397,-0.388384,0],#curve,
[0.315565,-0.057998,0],#bezierCorner,[0.578254,-0.155753,0],[0.31448,-0.105702,0],#curve,
[0.312314,-1.23993,0],#bezierCorner,[0.312314,-0.997864,0],[0.312309,-1.36666,0],#curve,
[0.0394826,-1.46937,0],#bezierCorner,[0.190187,-1.46937,0],[0.0131516,-1.46937,0],#curve,
[-0.0395002,-1.46937,0],#bezierCorner,[-0.0131741,-1.46937,0],[-0.190215,-1.46937,0],#curve,
[-0.312337,-1.23993,0],#bezierCorner,[-0.31233,-1.36666,0],[-0.31233,-0.997851,0],#curve,
3,true,
point Count:8 
[-0.0319166,-0.953864,0],#bezierCorner,[-0.0106406,-0.953864,0],[-0.153707,-0.953864,0],#curve,
[-0.252395,-0.72442,0],#bezierCorner,[-0.252395,-0.851163,0],[-0.252395,-0.482356,0],#curve,
[-0.252395,0.717433,0],#bezierCorner,[-0.252395,0.475372,0],[-0.252389,0.844171,0],#curve,
[-0.0319118,0.946884,0],#bezierCorner,[-0.153702,0.946879,0],[-0.0106406,0.946879,0],#curve,
[0.0319114,0.946874,0],#bezierCorner,[0.0106406,0.946879,0],[0.153702,0.946879,0],#curve,
[0.252394,0.717428,0],#bezierCorner,[0.252394,0.844161,0],[0.252399,0.475372,0],#curve,
[0.252394,-0.72442,0],#bezierCorner,[0.252399,-0.482356,0],[0.252394,-0.851163,0],#curve,
[0.0319166,-0.953864,0],#bezierCorner,[0.153707,-0.953864,0],[0.0106406,-0.953864,0],#curve,
