Kenzors Control Shape version, 1 
MoveCircle
#{4..9}
true,0.511811,
Curve Count:1 
 1,true,
 point Count:12 
   [-0.789516,-4.39228,0],#bezierCorner,[-2.62226,-4.06864,0],[-0.526344,-4.83884,0],#curve,
   [0,-5.73198,0],#bezierCorner,[-0.263172,-5.28541,0],[0.263172,-5.28541,0],#curve,
   [0.789516,-4.39228,0],#bezierCorner,[0.526344,-4.83884,0],[2.62228,-4.06923,0],#curve,
   [4.39228,-0.789516,0],#bezierCorner,[4.06864,-2.62226,0],[4.83884,-0.526344,0],#curve,
   [5.73198,-3.05081e-007,0],#bezierCorner,[5.28541,-0.263172,0],[5.28541,0.263172,0],#curve,
   [4.39228,0.789516,0],#bezierCorner,[4.83884,0.526344,0],[4.06923,2.62228,0],#curve,
   [0.789516,4.39228,0],#bezierCorner,[2.62226,4.06864,0],[0.526344,4.83884,0],#curve,
   [0,5.73198,0],#bezierCorner,[0.263172,5.28541,0],[-0.263172,5.28541,0],#curve,
   [-0.789516,4.39228,0],#bezierCorner,[-0.526344,4.83884,0],[-2.62228,4.06923,0],#curve,
   [-4.39228,0.789516,0],#bezierCorner,[-4.06864,2.62226,0],[-4.83884,0.526344,0],#curve,
   [-5.73198,3.02271e-007,0],#bezierCorner,[-5.28541,0.263172,0],[-5.28541,-0.263172,0],#curve,
   [-4.39228,-0.789516,0],#bezierCorner,[-4.83884,-0.526344,0],[-4.06923,-2.62228,0],#curve,
