Kenzors Control Shape version, 1 
Rotate
#{1..3, 7..9}
true,0.5,
Curve Count:3 
 1,false,
 point Count:13 
   [-2.83559,3.24755,0],#corner,[-2.83559,3.24755,0],[-2.77721,3.16118,0],#line,
   [-2.66047,2.98842,0],#corner,[-2.71884,3.0748,0],[-3.08658,2.84333,0],#line,
   [-3.9388,2.55316,0],#corner,[-3.51269,2.69825,0],[-3.67431,2.93739,0],#line,
   [-3.14531,3.70587,0],#corner,[-3.40981,3.32163,0],[-3.08694,3.61949,0],#line,
   [-2.97019,3.44674,0],#bezierCorner,[-3.02856,3.53311,0],[-2.52101,3.71891,0],#curve,
   [-1.55316,4.12378,1.37233e-007],#bezierCorner,[-2.04712,3.94533,0],[-1.04398,4.2525,1.71287e-007],#curve,
   [9.53674e-007,4.35625,2.32559e-007],#bezierCorner,[-0.524558,4.33025,2.03167e-007],[0.524559,4.33025,2.59174e-007],#curve,
   [1.55316,4.12378,3.03064e-007],#bezierCorner,[1.04398,4.2525,2.82753e-007],[2.04712,3.94533,3.19907e-007],#curve,
   [2.97019,3.44674,3.42568e-007],#bezierCorner,[2.52101,3.71891,3.33119e-007],[3.02856,3.53311,3.50296e-007],#line,
   [3.14531,3.70586,3.65751e-007],#corner,[3.08694,3.61949,3.58023e-007],[3.40981,3.32163,6.7725e-007],#line,
   [3.9388,2.55316,1.30025e-006],#corner,[3.67431,2.93739,9.88749e-007],[3.51269,2.69825,9.67354e-007],#line,
   [2.66047,2.98842,3.01567e-007],#corner,[3.08658,2.84333,6.3446e-007],[2.71884,3.0748,3.09294e-007],#line,
   [2.83559,3.24755,3.24749e-007],#corner,[2.77721,3.16117,3.17022e-007],[2.83559,3.24755,3.24749e-007],#line,
 2,false,
 point Count:13 
   [3.24756,-1.90735e-006,-2.83559],#corner,[3.24756,-1.90735e-006,-2.83559],[3.16118,-1.90735e-006,-2.77721],#line,
   [2.98842,0,-2.66047],#corner,[3.0748,0,-2.71884],[2.84334,0,-3.08658],#line,
   [2.55316,0,-3.9388],#corner,[2.69825,0,-3.51269],[2.93739,-1.90735e-006,-3.67431],#line,
   [3.70587,-1.90735e-006,-3.14531],#corner,[3.32163,-1.90735e-006,-3.40981],[3.61949,-1.90735e-006,-3.08694],#line,
   [3.44673,-1.90735e-006,-2.97019],#bezierCorner,[3.53311,-1.90735e-006,-3.02856],[3.71891,-1.90735e-006,-2.52101],#curve,
   [4.12378,-1.90735e-006,-1.55316],#bezierCorner,[3.94533,-1.90735e-006,-2.04712],[4.2525,-1.90735e-006,-1.04398],#curve,
   [4.35625,-1.90735e-006,0],#bezierCorner,[4.33025,-1.90735e-006,-0.524559],[4.33025,-1.90735e-006,0.524559],#curve,
   [4.12378,0,1.55316],#bezierCorner,[4.2525,0,1.04398],[3.94533,0,2.04712],#curve,
   [3.44673,0,2.97019],#bezierCorner,[3.71891,0,2.52101],[3.53311,0,3.02856],#line,
   [3.70587,0,3.14531],#corner,[3.61949,0,3.08694],[3.32163,0,3.40981],#line,
   [2.55316,0,3.9388],#corner,[2.93739,0,3.67431],[2.69825,0,3.51269],#line,
   [2.98842,0,2.66047],#corner,[2.84333,0,3.08658],[3.0748,0,2.71884],#line,
   [3.24755,0,2.83559],#corner,[3.16118,0,2.77721],[3.24755,0,2.83559],#line,
 3,false,
 point Count:13 
   [0,2.83559,3.24756],#corner,[0,2.83559,3.24756],[0,2.77721,3.16118],#line,
   [0,2.66047,2.98842],#corner,[0,2.71884,3.0748],[9.53674e-007,3.08658,2.84334],#line,
   [9.53674e-007,3.9388,2.55316],#corner,[9.53674e-007,3.51269,2.69825],[9.53674e-007,3.67431,2.93739],#line,
   [0,3.14531,3.70587],#corner,[9.53674e-007,3.40981,3.32163],[0,3.08694,3.61949],#line,
   [0,2.97019,3.44673],#bezierCorner,[0,3.02856,3.53311],[0,2.52101,3.71891],#curve,
   [0,1.55316,4.12378],#bezierCorner,[0,2.04712,3.94533],[0,1.04398,4.2525],#curve,
   [-9.53674e-007,0,4.35625],#bezierCorner,[0,0.524559,4.33025],[0,-0.524559,4.33025],#curve,
   [0,-1.55316,4.12378],#bezierCorner,[0,-1.04398,4.2525],[0,-2.04712,3.94533],#curve,
   [0,-2.97019,3.44673],#bezierCorner,[0,-2.52101,3.71891],[-9.53674e-007,-3.02856,3.53311],#line,
   [-9.53674e-007,-3.14531,3.70587],#corner,[-9.53674e-007,-3.08694,3.61949],[-9.53674e-007,-3.40981,3.32163],#line,
   [-1.90735e-006,-3.9388,2.55316],#corner,[-9.53674e-007,-3.6743,2.93739],[-9.53674e-007,-3.51269,2.69825],#line,
   [0,-2.66047,2.98842],#corner,[-9.53674e-007,-3.08658,2.84333],[0,-2.71884,3.0748],#line,
   [0,-2.83559,3.24755],#corner,[0,-2.77721,3.16118],[0,-2.83559,3.24755],#line,
