Kenzors Control Shape version, 1 
RotateZ
#{1..5, 7..9}
true,0.5,
Curve Count:1 
1,false,
point Count:13 
[-2.83559,3.24756,0],#corner,[-2.83559,3.24756,0],[-2.77721,3.16118,0],#line,
[-2.66047,2.98842,0],#corner,[-2.71884,3.0748,0],[-3.08658,2.84334,0],#line,
[-3.9388,2.55316,0],#corner,[-3.51269,2.69825,0],[-3.67431,2.93739,0],#line,
[-3.14531,3.70587,0],#corner,[-3.40981,3.32163,0],[-3.08694,3.61949,0],#line,
[-2.97019,3.44673,0],#bezierCorner,[-3.02856,3.53311,0],[-2.52101,3.71891,0],#curve,
[-1.55316,4.12378,0],#bezierCorner,[-2.04712,3.94533,0],[-1.04398,4.2525,0],#curve,
[-9.53674e-007,4.35625,0],#bezierCorner,[-0.524561,4.33025,0],[0.524559,4.33025,0],#curve,
[1.55316,4.12378,0],#bezierCorner,[1.04398,4.2525,0],[2.04712,3.94533,0],#curve,
[2.97019,3.44673,0],#bezierCorner,[2.52101,3.71891,0],[3.02856,3.53311,0],#line,
[3.14531,3.70587,0],#corner,[3.08694,3.61949,0],[3.40981,3.32163,0],#line,
[3.9388,2.55316,0],#corner,[3.67431,2.9374,0],[3.51269,2.69825,0],#line,
[2.66047,2.98842,0],#corner,[3.08658,2.84334,0],[2.71884,3.0748,0],#line,
[2.83559,3.24755,0],#corner,[2.77721,3.16118,0],[2.83559,3.24755,0],#line,
