Kenzors Control Shape version, 1 
RotateY
#{1..4, 6..9}
true,0.5,
Curve Count:1 
 1,false,
 point Count:13 
   [3.24755,0,2.83559],#corner,[3.24755,0,2.83559],[3.16118,0,2.77721],#line,
   [2.98842,0,2.66047],#corner,[3.0748,0,2.71884],[2.84333,0,3.08658],#line,
   [2.55316,0,3.9388],#corner,[2.69825,0,3.51269],[2.93739,0,3.67431],#line,
   [3.70587,0,3.14531],#corner,[3.32163,0,3.40981],[3.61949,0,3.08694],#line,
   [3.44673,0,2.97019],#bezierCorner,[3.53311,0,3.02857],[3.71891,0,2.52101],#curve,
   [4.12378,0,1.55316],#bezierCorner,[3.94533,0,2.04712],[4.2525,0,1.04398],#curve,
   [4.35625,0,1.04414e-006],#bezierCorner,[4.33025,0,0.524561],[4.33025,0,-0.524559],#curve,
   [4.12378,0,-1.55316],#bezierCorner,[4.2525,0,-1.04398],[3.94533,0,-2.04712],#curve,
   [3.44673,0,-2.97019],#bezierCorner,[3.71891,0,-2.52101],[3.53311,0,-3.02856],#line,
   [3.70587,0,-3.14531],#corner,[3.61949,0,-3.08694],[3.32163,0,-3.40981],#line,
   [2.55316,0,-3.9388],#corner,[2.9374,0,-3.67431],[2.69825,0,-3.51269],#line,
   [2.98842,0,-2.66046],#corner,[2.84334,0,-3.08658],[3.0748,0,-2.71884],#line,
   [3.24756,0,-2.83559],#corner,[3.16118,0,-2.77721],[3.24756,0,-2.83559],#line,
