Kenzors Control Shape version, 1 
RotateX
#{1..3, 5..9}
true,0.5,
Curve Count:1 
 1,false,
 point Count:13 
   [4.76837e-007,2.83559,3.24756],#corner,[4.76837e-007,2.83559,3.24756],[4.76837e-007,2.77721,3.16118],#line,
   [4.76837e-007,2.66047,2.98842],#corner,[4.76837e-007,2.71884,3.0748],[4.76837e-007,3.08658,2.84334],#line,
   [4.76837e-007,3.9388,2.55316],#corner,[4.76837e-007,3.51269,2.69825],[4.76837e-007,3.67431,2.93739],#line,
   [4.76837e-007,3.14531,3.70587],#corner,[4.76837e-007,3.40981,3.32163],[4.76837e-007,3.08694,3.61949],#line,
   [4.76837e-007,2.97019,3.44673],#bezierCorner,[4.76837e-007,3.02856,3.53311],[4.76837e-007,2.52101,3.71891],#curve,
   [0,1.55316,4.12378],#bezierCorner,[4.76837e-007,2.04712,3.94533],[0,1.04398,4.2525],#curve,
   [0,9.53674e-007,4.35625],#bezierCorner,[0,0.524561,4.33025],[-4.76837e-007,-0.524559,4.33025],#curve,
   [-4.76837e-007,-1.55316,4.12378],#bezierCorner,[-4.76837e-007,-1.04398,4.2525],[-4.76837e-007,-2.04712,3.94533],#curve,
   [-4.76837e-007,-2.97019,3.44673],#bezierCorner,[-4.76837e-007,-2.52101,3.71891],[-4.76837e-007,-3.02856,3.53311],#line,
   [-4.76837e-007,-3.14531,3.70587],#corner,[-4.76837e-007,-3.08694,3.61949],[-4.76837e-007,-3.40981,3.32163],#line,
   [-9.53674e-007,-3.9388,2.55316],#corner,[-4.76837e-007,-3.67431,2.93739],[-4.76837e-007,-3.51269,2.69825],#line,
   [-4.76837e-007,-2.66047,2.98842],#corner,[-4.76837e-007,-3.08658,2.84333],[-4.76837e-007,-2.71884,3.0748],#line,
   [-4.76837e-007,-2.83559,3.24755],#corner,[-4.76837e-007,-2.77721,3.16118],[-4.76837e-007,-2.83559,3.24755],#line,
