Kenzors Control Shape version, 1 
Line001
#{}
false,3.19935,
Curve Count:1 
 1,false,
 point Count:16 
   [1.83852,43.2032,0],#corner,[1.83852,43.2032,0],[-10.123,35.6486,0],#curve,
   [-34.0462,20.5395,0],#corner,[-22.0846,28.0941,0],[-38.813,8.48798,0],#curve,
   [-48.3467,-15.6151,0],#corner,[-43.5798,-3.56353,0],[-39.3085,-22.6301,0],#curve,
   [-28.1113,-30.1848,0],#bezier,[-30.2703,-29.6451,0],[-25.9523,-30.7246,0],#curve,
   [8.58365,-32.883,0],#bezier,[6.69513,-33.4228,0],[10.4722,-32.3432,0],#curve,
   [39.3412,-12.3777,0],#bezier,[37.722,-17.5042,0],[40.9605,-7.25127,0],#curve,
   [42.5798,6.50886,0],#bezier,[43.6593,5.15946,0],[41.5003,7.85826,0],#curve,
   [32.5961,17.5714,0],#bezier,[36.3732,16.4925,0],[28.819,18.6503,0],#curve,
   [12.0902,19.1901,0],#corner,[20.4546,18.9202,0],[3.45655,16.0423,0],#curve,
   [-13.8108,9.7468,0],#corner,[-5.17712,12.8946,0],[-19.7469,2.86705,0],#curve,
   [-25.1432,-5.90187,0],#bezier,[-25.683,-4.01271,0],[-24.6035,-7.79103,0],#curve,
   [-13.271,-14.5362,0],#bezier,[-16.2391,-13.9964,0],[-10.303,-15.0759,0],#curve,
   [9.93242,-10.7585,0],#corner,[-0.185274,-12.9172,0],[12.8103,-7.07114,0],#curve,
   [18.5661,0.303497,0],#corner,[15.6882,-3.38382,0],[14.4292,2.01232,0],#curve,
   [6.15535,5.42997,0],#corner,[10.2923,3.72115,0],[1.11884,3.54123,0],#curve,
   [-8.95419,-0.236263,0],#corner,[-3.91768,1.65248,0],[-8.95419,-0.236263,0],#line,
