Kenzors Control Shape version, 1 
UnityObjects001
#{}
true,1.9685,
Curve Count:4 
 1,true,
 point Count:12 
   [-25.1737,0.0383409,0],#corner,[-20.989,-4.15924,0],[-20.989,4.2416,0],#curve,
   [-12.6197,12.6481,0],#corner,[-16.8044,8.44485,0],[-10.7793,12.6547,0],#curve,
   [-7.09858,12.668,0],#corner,[-8.93896,12.6614,0],[-6.35367,14.1545,0],#curve,
   [-4.86384,17.1275,0],#corner,[-5.60875,15.641,0],[0.964007,18.6831,0],#curve,
   [12.6197,21.7942,0],#corner,[6.79185,20.2386,0],[14.1314,15.9883,0],#curve,
   [17.1549,4.37636,0],#corner,[15.6432,10.1823,0],[16.2785,2.90845,0],#curve,
   [14.5258,-0.0273867,0],#corner,[15.4022,1.44053,0],[15.446,-1.53912,0],#curve,
   [17.2863,-4.56259,0],#corner,[16.3661,-3.05086,0],[15.6869,-10.3028,0],#curve,
   [12.4882,-21.7832,0],#corner,[14.0876,-16.043,0],[6.76992,-20.2496,0],#curve,
   [-4.66666,-17.1823,0],#corner,[1.05163,-18.7159,0],[-5.45539,-15.6357,0],#curve,
   [-7.03285,-12.5426,0],#corner,[-6.24412,-14.0892,0],[-8.89514,-12.5465,0],#curve,
   [-12.6197,-12.5544,0],#corner,[-10.7574,-12.5505,0],[-16.8044,-8.35682,0],#curve,
 2,true,
 point Count:4 
   [10.0563,13.3153,0],#corner,[11.327,8.91156,0],[7.49293,8.9992,0],#curve,
   [2.36619,0.366979,0],#corner,[4.92956,4.68309,0],[4.88575,-4.03678,0],#curve,
   [9.92486,-12.8443,0],#corner,[7.4053,-8.44054,0],[11.2394,-8.52818,0],#curve,
   [13.8685,0.104068,0],#corner,[12.554,-4.21206,0],[12.5978,4.50781,0],#curve,
 3,true,
 point Count:4 
   [-16.4976,2.07589,-9.42852e-007],#corner,[-13.2989,5.428,-9.42852e-007],[-11.4147,2.07589,-9.42852e-007],#curve,
   [-1.24882,2.07589,-9.42852e-007],#corner,[-6.33175,2.07589,-9.42852e-007],[1.31455,6.50156,-9.42852e-007],#curve,
   [6.4413,15.3529,-9.42852e-007],#corner,[3.87793,10.9272,-9.42852e-007],[1.99374,14.2793,-9.42852e-007],#curve,
   [-6.90139,12.1322,-9.42852e-007],#corner,[-2.45383,13.2058,-9.42852e-007],[-10.1001,8.7801,-9.42852e-007],#curve,
 4,true,
 point Count:4 
   [-16.1033,-2.16149,9.41303e-007],#corner,[-12.9703,-5.43759,9.40079e-007],[-11.0642,-2.16285,9.38854e-007],#curve,
   [-0.985914,-2.16558,9.33954e-007],#corner,[-6.02504,-2.16422,9.36404e-007],[1.46791,-6.49195,9.35179e-007],#curve,
   [6.37557,-15.1447,9.37629e-007],#corner,[3.92174,-10.8183,9.36404e-007],[2.01564,-14.0931,9.37629e-007],#curve,
   [-6.70421,-11.9898,9.37629e-007],#corner,[-2.34428,-13.0414,9.37629e-007],[-9.83724,-8.7137,9.38854e-007],#curve,
